0 0.736979 0.963889 0.013542 0.023148
0 0.290365 0.950926 0.015625 0.034259
0 0.926042 0.907870 0.007292 0.012963
0 0.440625 0.813426 0.009375 0.064815
0 0.852604 0.764815 0.010417 0.022222
0 0.503906 0.758796 0.017188 0.024074
0 0.545833 0.720602 0.016146 0.031944
0 0.133984 0.709491 0.013802 0.022685
0 0.196875 0.706944 0.021354 0.042593
0 0.574219 0.704630 0.014583 0.047222
0 0.474349 0.690741 0.015885 0.020370
0 0.389844 0.688426 0.014583 0.031481
0 0.554557 0.663889 0.023698 0.031481
0 0.673438 0.638889 0.017188 0.024074
0 0.652083 0.640278 0.011458 0.028704
0 0.960807 0.601389 0.008594 0.012037
0 0.997526 0.568287 0.004948 0.015278
0 0.318880 0.519907 0.020573 0.023148
0 0.604167 0.499537 0.023958 0.026852
0 0.766797 0.425463 0.021094 0.027778
0 0.888672 0.421759 0.016927 0.030556
0 0.338151 0.395139 0.014323 0.020833
0 0.099089 0.339815 0.007552 0.012963
0 0.564974 0.318750 0.012240 0.016204
0 0.116667 0.301620 0.012500 0.020833
0 0.597526 0.281944 0.022135 0.027778
0 0.650911 0.263657 0.014323 0.022685
0 0.137891 0.261574 0.012240 0.019444
0 0.255208 0.246759 0.006250 0.011111
0 0.134375 0.212269 0.008854 0.015278
0 0.088672 0.185648 0.007552 0.012963
0 0.945964 0.178935 0.016406 0.031944
0 0.289193 0.151852 0.013281 0.023148
0 0.920443 0.141667 0.011719 0.020370
0 0.151432 0.106019 0.008594 0.017593
0 0.928516 0.109954 0.021094 0.032870
0 0.066927 0.088194 0.009896 0.020833
0 0.437760 0.030093 0.012500 0.031481