0 0.838542 0.982407 0.017188 0.035185
0 0.886849 0.973611 0.013281 0.034259
0 0.814974 0.943287 0.013802 0.034722
0 0.854036 0.874769 0.011198 0.039352
0 0.911068 0.817824 0.009635 0.032870
0 0.036719 0.782639 0.013021 0.035648
0 0.923698 0.685417 0.011979 0.034722
0 0.807552 0.697222 0.015104 0.061111
0 0.790104 0.636574 0.014063 0.035185
0 0.032682 0.594444 0.018490 0.029630
0 0.285677 0.504861 0.015625 0.036574
0 0.859635 0.438889 0.021354 0.051852
0 0.070052 0.393287 0.016146 0.023611
0 0.090495 0.387500 0.013281 0.037037
0 0.951562 0.282176 0.022396 0.024537
0 0.125391 0.281481 0.015365 0.032407
0 0.052214 0.203704 0.017448 0.023148
0 0.119271 0.193750 0.010417 0.036574
0 0.975651 0.185185 0.015365 0.032407
0 0.318490 0.173843 0.005729 0.032870
0 0.925521 0.119676 0.010937 0.023611
0 0.220703 0.103935 0.006510 0.030093
0 0.996224 0.081019 0.006510 0.021296
0 0.122786 0.039120 0.014323 0.047685
0 0.036458 0.019444 0.017708 0.017593
0 0.282031 0.021296 0.009375 0.030556