0 0.232552 0.710648 0.010937 0.012963
0 0.556120 0.587269 0.020052 0.027315
0 0.120964 0.516204 0.014844 0.022222
0 0.045312 0.488426 0.013021 0.024074
0 0.662109 0.414120 0.017448 0.012500
0 0.096224 0.394213 0.017448 0.033796
0 0.292708 0.360648 0.019271 0.027778
0 0.324219 0.352083 0.017188 0.026389
0 0.238542 0.330324 0.021875 0.031944
0 0.704688 0.286111 0.018750 0.035185
0 0.173698 0.263426 0.019792 0.020370
0 0.117188 0.240046 0.010417 0.018981
0 0.076563 0.228704 0.006771 0.012037
0 0.712891 0.237037 0.019010 0.039815
0 0.302865 0.212037 0.015625 0.032407
0 0.117839 0.203472 0.021094 0.031019
0 0.781380 0.107407 0.023177 0.064815
0 0.645703 0.085185 0.017969 0.037037
0 0.155078 0.053472 0.018490 0.021759
0 0.822135 0.018056 0.013021 0.034259
0 0.680078 0.011343 0.025260 0.022685
0 0.297656 0.013657 0.020313 0.027315