0 0.158854 0.971759 0.022396 0.055556
0 0.027214 0.943056 0.019531 0.025000
0 0.305990 0.860648 0.022917 0.027778
0 0.381510 0.851389 0.026562 0.036111
0 0.447005 0.784259 0.033594 0.035185
0 0.541146 0.707639 0.024479 0.033796
0 0.504427 0.692361 0.025000 0.034722
0 0.641667 0.572222 0.013542 0.025926
0 0.336589 0.538657 0.016927 0.039352
0 0.721354 0.528472 0.022917 0.031944
0 0.788932 0.459954 0.026302 0.038426
0 0.677083 0.416204 0.029687 0.039815
0 0.831250 0.411806 0.023958 0.035648
0 0.018750 0.390278 0.015625 0.021296
0 0.123047 0.341667 0.021094 0.025000
0 0.631380 0.343750 0.019531 0.036574
0 0.295833 0.321065 0.022396 0.029167
0 0.925911 0.310185 0.015365 0.024074
0 0.405339 0.308565 0.048177 0.048611
0 0.132161 0.288889 0.016927 0.040741
0 0.251042 0.271296 0.015104 0.037037
0 0.182422 0.254630 0.013802 0.038889
0 0.489844 0.235648 0.016146 0.025000
0 0.773568 0.140972 0.022656 0.037500
0 0.414844 0.123843 0.026042 0.039352
0 0.371615 0.120833 0.023958 0.035185
0 0.627734 0.100463 0.022135 0.038889
0 0.046875 0.067824 0.020313 0.044907
0 0.500781 0.033333 0.018229 0.026852
0 0.687760 0.019907 0.024479 0.027778
0 0.174609 0.020833 0.023698 0.030556
0 0.278516 0.022917 0.016927 0.037500
0 0.482292 0.006713 0.014063 0.013426