0 0.593099 0.990509 0.013281 0.018981
0 0.363151 0.971296 0.017969 0.040741
0 0.425651 0.971528 0.026302 0.056944
0 0.326562 0.916435 0.024479 0.038426
0 0.787370 0.894444 0.022135 0.037037
0 0.674089 0.830556 0.018490 0.033333
0 0.106641 0.816667 0.020052 0.034259
0 0.782031 0.803009 0.020313 0.046759
0 0.434375 0.775926 0.017708 0.051852
0 0.088672 0.755093 0.020573 0.030556
0 0.760547 0.740741 0.004948 0.009259
0 0.002865 0.725926 0.005729 0.025000
0 0.427604 0.712963 0.013542 0.024074
0 0.941927 0.700694 0.013021 0.032870
0 0.281120 0.692361 0.015365 0.038426
0 0.286979 0.668287 0.006771 0.011574
0 0.490755 0.640972 0.009635 0.017130
0 0.409505 0.624074 0.017448 0.044444
0 0.633203 0.582407 0.011719 0.046296
0 0.590365 0.536574 0.027083 0.032407
0 0.182422 0.520139 0.022135 0.034722
0 0.441536 0.475463 0.027865 0.046296
0 0.800521 0.446991 0.015104 0.041204
0 0.645052 0.385880 0.020313 0.031019
0 0.814323 0.385648 0.013021 0.057407
0 0.823828 0.295833 0.013281 0.035185
0 0.047786 0.251389 0.017969 0.020370
0 0.083333 0.195833 0.013542 0.031481
0 0.274609 0.162963 0.021094 0.036111
0 0.807682 0.149769 0.025260 0.053241
0 0.992839 0.136806 0.014323 0.045833
0 0.616276 0.134491 0.017969 0.067130
0 0.228776 0.053472 0.017969 0.034722
0 0.154688 0.009259 0.022396 0.018519