0 0.303906 0.917361 0.013542 0.024537
0 0.196094 0.921528 0.018229 0.034722
0 0.079427 0.882639 0.010937 0.019907
0 0.100260 0.846528 0.014583 0.027315
0 0.048438 0.816898 0.011979 0.022685
0 0.070312 0.812731 0.013021 0.023611
0 0.130339 0.739352 0.027865 0.046296
0 0.313672 0.733565 0.024740 0.055093
0 0.544401 0.679861 0.020573 0.025463
0 0.853385 0.671528 0.007812 0.013426
0 0.197786 0.653704 0.013281 0.017593
0 0.413542 0.624306 0.011458 0.020833
0 0.558333 0.604861 0.019271 0.034722
0 0.527344 0.568287 0.009896 0.018056
0 0.823958 0.574074 0.020313 0.035185
0 0.138411 0.575463 0.027865 0.050926
0 0.168229 0.555556 0.009375 0.016667
0 0.189974 0.542361 0.036198 0.040278
0 0.839453 0.524537 0.021094 0.037963
0 0.305339 0.482639 0.012240 0.021759
0 0.895703 0.406944 0.006510 0.022222
0 0.376693 0.387500 0.011198 0.022222
0 0.863932 0.383796 0.007031 0.015741
0 0.359115 0.358565 0.013021 0.022685
0 0.734245 0.341435 0.007031 0.012500
0 0.588021 0.269676 0.008854 0.014352
0 0.027214 0.243519 0.010677 0.019444
0 0.480990 0.223843 0.009896 0.019907
0 0.940755 0.220370 0.012240 0.028704
0 0.124089 0.201620 0.008594 0.016204
0 0.431120 0.140509 0.011198 0.018981
0 0.611849 0.118750 0.015365 0.027315
0 0.858724 0.103704 0.009115 0.022222
0 0.552604 0.095602 0.007812 0.014352
0 0.384245 0.093750 0.011719 0.021759
0 0.744792 0.087500 0.012500 0.014815
0 0.911849 0.087731 0.008594 0.018981
0 0.876823 0.093519 0.009375 0.030556
0 0.696745 0.023380 0.016927 0.046759