0 0.121094 0.991898 0.021875 0.016204
0 0.583724 0.986574 0.011719 0.026852
0 0.900521 0.984259 0.021354 0.028704
0 0.922526 0.975000 0.016927 0.039815
0 0.451953 0.939120 0.028385 0.030093
0 0.247266 0.935417 0.023177 0.030093
0 0.575391 0.932407 0.011719 0.037037
0 0.409505 0.911111 0.007552 0.027778
0 0.223568 0.820602 0.014844 0.035648
0 0.892318 0.796759 0.018490 0.030556
0 0.450521 0.770602 0.017188 0.029167
0 0.361198 0.764583 0.021354 0.031019
0 0.168229 0.734259 0.021354 0.038889
0 0.213802 0.702546 0.021875 0.028241
0 0.358724 0.666435 0.014323 0.026389
0 0.004557 0.634954 0.009115 0.035648
0 0.996354 0.612731 0.006771 0.027315
0 0.170703 0.587037 0.016406 0.025926
0 0.316797 0.553241 0.023177 0.020370
0 0.031380 0.494676 0.016406 0.020833
0 0.240885 0.487500 0.018229 0.028704
0 0.952995 0.458102 0.017448 0.031019
0 0.671615 0.440741 0.020313 0.040741
0 0.922396 0.397222 0.025521 0.044444
0 0.762891 0.376157 0.024740 0.040278
0 0.997266 0.354167 0.004948 0.037963
0 0.639323 0.358333 0.023958 0.048148
0 0.146875 0.337037 0.017708 0.029630
0 0.727344 0.306481 0.017708 0.031481
0 0.594010 0.296759 0.021875 0.037037
0 0.795312 0.291435 0.022396 0.030093
0 0.003385 0.243750 0.006250 0.030093
0 0.702604 0.188657 0.018229 0.031019
0 0.872266 0.107176 0.020573 0.052315
0 0.607682 0.084491 0.015365 0.028241
0 0.792839 0.087731 0.021094 0.038426