0 0.138672 0.967361 0.015885 0.012500
0 0.090495 0.871759 0.012240 0.026852
0 0.287891 0.824074 0.014323 0.020370
0 0.060807 0.762731 0.018490 0.049537
0 0.176172 0.719444 0.017448 0.020370
0 0.143490 0.690741 0.027083 0.023148
0 0.004297 0.612037 0.008594 0.031481
0 0.284245 0.604398 0.022135 0.043056
0 0.127865 0.381481 0.015625 0.040741
0 0.224609 0.378241 0.013281 0.067593
0 0.331901 0.297917 0.009115 0.016204
0 0.005339 0.283102 0.010677 0.031944
0 0.107813 0.283102 0.013542 0.036574
0 0.209896 0.243287 0.026042 0.031944
0 0.019271 0.219444 0.014063 0.037963
0 0.113542 0.213889 0.009375 0.035185
0 0.410547 0.175694 0.012760 0.022685
0 0.179948 0.176620 0.013021 0.039352
0 0.019010 0.153704 0.018229 0.022222
0 0.340885 0.023611 0.016667 0.024074