0 0.858984 0.965278 0.023177 0.012963
0 0.169010 0.975231 0.045833 0.039352
0 0.271354 0.948843 0.025521 0.068981
0 0.860417 0.931019 0.023958 0.053704
0 0.597656 0.915972 0.016146 0.043056
0 0.680339 0.874537 0.015885 0.035185
0 0.086719 0.822917 0.012500 0.022685
0 0.683333 0.775926 0.018229 0.041667
0 0.886979 0.724074 0.017188 0.056481
0 0.513672 0.702778 0.014323 0.033333
0 0.692057 0.689815 0.022135 0.034259
0 0.055339 0.629167 0.015365 0.017593
0 0.435937 0.647917 0.023438 0.056019
0 0.600130 0.593519 0.024740 0.040741
0 0.764062 0.522454 0.015625 0.032870
0 0.994271 0.512963 0.011458 0.032407
0 0.715755 0.478009 0.032031 0.043981
0 0.491927 0.284954 0.018750 0.033796
0 0.812370 0.206481 0.014323 0.036111
0 0.561719 0.190046 0.020313 0.019907
0 0.659245 0.165278 0.015885 0.049074
0 0.231510 0.129167 0.031250 0.020370
0 0.690234 0.053472 0.019531 0.038426
0 0.825911 0.041667 0.019010 0.017593
0 0.711719 0.046528 0.010417 0.045833