0 0.910286 0.989583 0.021094 0.019907
0 0.733594 0.987500 0.018750 0.025000
0 0.606380 0.953704 0.020573 0.022222
0 0.951172 0.935648 0.009635 0.017593
0 0.636198 0.938889 0.024479 0.035185
0 0.385286 0.931019 0.031510 0.037963
0 0.213021 0.919676 0.027083 0.021759
0 0.772526 0.912269 0.017969 0.030093
0 0.697786 0.852546 0.016927 0.031019
0 0.781250 0.797222 0.013542 0.030556
0 0.702604 0.798148 0.022917 0.047222
0 0.818750 0.722222 0.018750 0.028704
0 0.199870 0.703704 0.007031 0.025000
0 0.285417 0.674769 0.016146 0.016204
0 0.107943 0.665972 0.010156 0.033796
0 0.241797 0.662731 0.012240 0.029167
0 0.067578 0.658796 0.008073 0.026852
0 0.852604 0.661343 0.019792 0.035648
0 0.325130 0.650231 0.017448 0.014352
0 0.138281 0.658333 0.015625 0.030556
0 0.543620 0.659954 0.015365 0.035648
0 0.184766 0.648611 0.015885 0.013889
0 0.832031 0.637500 0.009375 0.013889
0 0.888802 0.645602 0.015104 0.036574
0 0.592578 0.621759 0.007031 0.012963
0 0.210677 0.622685 0.018750 0.020370
0 0.584115 0.615046 0.019271 0.024537
0 0.376823 0.612037 0.011979 0.024074
0 0.418359 0.614352 0.034635 0.029630
0 0.644661 0.580556 0.022656 0.029630
0 0.876172 0.555787 0.014323 0.033796
0 0.241276 0.525000 0.012760 0.021296
0 0.671224 0.510417 0.012760 0.022685
0 0.601562 0.357639 0.009375 0.019907
0 0.484766 0.330787 0.009115 0.016204
0 0.407031 0.329861 0.017708 0.018056
0 0.379557 0.320833 0.024740 0.016667
0 0.248958 0.315046 0.007812 0.017130
0 0.228516 0.328009 0.011198 0.043981
0 0.728255 0.314352 0.026302 0.022222
0 0.838672 0.312269 0.010677 0.028241
0 0.566276 0.313426 0.014844 0.031481
0 0.736198 0.270139 0.013542 0.012500
0 0.325781 0.267824 0.018750 0.017130
0 0.780859 0.258565 0.009115 0.037500
0 0.873958 0.247917 0.007812 0.030093
0 0.509245 0.245370 0.008594 0.027778
0 0.138021 0.189815 0.014063 0.019444
0 0.253906 0.189583 0.028646 0.030093
0 0.609245 0.173611 0.017448 0.017593
0 0.882031 0.170139 0.017708 0.014352
0 0.539193 0.166667 0.010156 0.020370
0 0.663021 0.159722 0.009896 0.013889
0 0.446615 0.158333 0.010417 0.013889
0 0.935156 0.059028 0.015625 0.018981
0 0.700260 0.004398 0.008854 0.008796
0 0.590495 0.004167 0.015365 0.008333