0 0.197526 0.979861 0.022656 0.020833
0 0.923568 0.965509 0.038802 0.031019
0 0.493750 0.793519 0.010937 0.029630
0 0.502214 0.749769 0.019531 0.047685
0 0.985547 0.732639 0.009635 0.029167
0 0.882422 0.721065 0.008073 0.014352
0 0.933333 0.725463 0.026562 0.027778
0 0.082682 0.717824 0.016406 0.018056
0 0.557813 0.681019 0.018750 0.047222
0 0.969271 0.666667 0.023438 0.050000
0 0.566146 0.638426 0.011458 0.028704
0 0.004687 0.425463 0.009375 0.025000
0 0.394271 0.390972 0.036979 0.032870
0 0.340104 0.267130 0.007812 0.013889
0 0.865755 0.268750 0.009635 0.018056
0 0.025260 0.273843 0.020313 0.031019
0 0.834375 0.214120 0.017708 0.020833
0 0.210417 0.221296 0.018229 0.037037
0 0.334505 0.198148 0.008594 0.014815
0 0.412370 0.172917 0.008594 0.015278
0 0.504036 0.104630 0.034635 0.044444
0 0.642708 0.084491 0.007812 0.021759
0 0.176693 0.018981 0.019531 0.032407