0 0.773958 0.981944 0.011458 0.023148
0 0.689453 0.945139 0.009635 0.022685
0 0.874089 0.940741 0.019010 0.036111
0 0.579818 0.872917 0.015885 0.018981
0 0.700000 0.856019 0.053125 0.028704
0 0.079948 0.738426 0.015104 0.027778
0 0.867578 0.616667 0.012240 0.017593
0 0.461458 0.573611 0.028646 0.034259
0 0.037891 0.468056 0.010677 0.031481
0 0.335807 0.331250 0.018490 0.026389
0 0.789844 0.286574 0.024479 0.032407
0 0.717448 0.279861 0.064583 0.039352
0 0.391146 0.258102 0.021875 0.023611
0 0.563021 0.159954 0.016146 0.023611
0 0.605078 0.128009 0.013281 0.016204
0 0.552604 0.119213 0.021354 0.033796
0 0.075911 0.090509 0.016406 0.036574
0 0.603516 0.070370 0.017448 0.037963
0 0.715755 0.055556 0.021615 0.025000
0 0.732812 0.013194 0.016667 0.023611