0 0.186719 0.896991 0.015104 0.027315
0 0.369661 0.880787 0.012760 0.022685
0 0.335156 0.868287 0.021875 0.030093
0 0.342839 0.804630 0.013802 0.037037
0 0.337370 0.745370 0.014844 0.032407
0 0.187500 0.600463 0.021354 0.022222
0 0.328906 0.607176 0.015104 0.043981
0 0.266406 0.515509 0.010417 0.030093
0 0.903646 0.463426 0.013021 0.023148
0 0.928255 0.447454 0.022656 0.028241
0 0.583333 0.437037 0.066667 0.074074
0 0.015234 0.419444 0.014844 0.038889
0 0.182682 0.419444 0.017448 0.044444
0 0.260677 0.419213 0.017708 0.058796
0 0.166927 0.380093 0.010937 0.015741
0 0.617839 0.370370 0.010677 0.019444
0 0.233854 0.223611 0.020833 0.041667
0 0.028646 0.220139 0.015625 0.043981
0 0.857552 0.175694 0.016146 0.032870
0 0.017839 0.142593 0.023698 0.037963