0 0.991146 0.941898 0.017708 0.048611
0 0.558073 0.922454 0.021354 0.024537
0 0.679167 0.852315 0.023438 0.030556
0 0.263932 0.810880 0.025781 0.029167
0 0.071484 0.747222 0.023177 0.028704
0 0.337370 0.678472 0.018490 0.027315
0 0.632943 0.633102 0.023698 0.038426
0 0.470573 0.461574 0.023958 0.046296
0 0.168490 0.444907 0.016146 0.019444
0 0.890365 0.405787 0.014583 0.037500
0 0.161198 0.308565 0.028646 0.030093
0 0.930469 0.286574 0.018229 0.042593
0 0.019531 0.251852 0.039062 0.070370
0 0.459375 0.202778 0.021354 0.018519
0 0.548438 0.134954 0.013542 0.047685
0 0.352083 0.136111 0.020313 0.055556
0 0.244922 0.107870 0.014323 0.047222
0 0.880078 0.036111 0.011719 0.029630