0 0.067318 0.981019 0.010677 0.032407
0 0.486458 0.928472 0.011979 0.039352
0 0.062109 0.913194 0.011719 0.031019
0 0.080078 0.882870 0.014844 0.029630
0 0.076563 0.826852 0.014063 0.041667
0 0.486589 0.818287 0.011719 0.030093
0 0.539193 0.809028 0.021094 0.025463
0 0.037109 0.780093 0.024740 0.028704
0 0.441016 0.744907 0.008073 0.013889
0 0.113672 0.739815 0.011719 0.022222
0 0.251042 0.704398 0.016146 0.016204
0 0.242578 0.675694 0.012760 0.024537
0 0.276302 0.659954 0.016667 0.014352
0 0.043750 0.612500 0.009375 0.029630
0 0.593229 0.609722 0.011458 0.034259
0 0.242578 0.593750 0.016927 0.018056
0 0.276693 0.575231 0.009115 0.029167
0 0.259245 0.562963 0.015885 0.028704
0 0.051042 0.550000 0.011458 0.033333
0 0.536849 0.534028 0.016406 0.021759
0 0.088672 0.479861 0.015365 0.018981
0 0.498958 0.480556 0.017708 0.025926
0 0.617708 0.475231 0.009896 0.032870
0 0.435286 0.462269 0.060156 0.031944
0 0.313021 0.452083 0.013021 0.022685
0 0.567318 0.440972 0.011719 0.025463
0 0.268490 0.436806 0.013542 0.024537
0 0.272005 0.362500 0.020052 0.020370
0 0.314193 0.291898 0.022656 0.026389
0 0.093620 0.284491 0.028906 0.032870
0 0.380859 0.272454 0.011198 0.037500
0 0.792188 0.254398 0.023438 0.042130
0 0.158984 0.244907 0.024740 0.038889
0 0.609245 0.236111 0.022656 0.026852
0 0.296484 0.196296 0.015365 0.030556
0 0.588281 0.186574 0.015104 0.036111
0 0.498828 0.182639 0.021615 0.029167
0 0.103125 0.164352 0.027083 0.025926
0 0.895703 0.143287 0.019010 0.044907
0 0.821875 0.116898 0.017708 0.039352
0 0.599870 0.109259 0.020573 0.066667
0 0.895182 0.085417 0.020573 0.036574
0 0.515365 0.084954 0.021354 0.050463
0 0.121354 0.063194 0.014063 0.038426
0 0.873698 0.041435 0.017188 0.028241
0 0.937500 0.033796 0.012500 0.022222
0 0.909245 0.008565 0.016927 0.017130
0 0.116016 0.016204 0.016406 0.032407