0 0.838672 0.990278 0.013802 0.019444
0 0.774870 0.986806 0.023698 0.026389
0 0.756250 0.934722 0.021875 0.037037
0 0.671484 0.756481 0.005469 0.010185
0 0.925130 0.757176 0.019010 0.029167
0 0.691146 0.773611 0.034896 0.063889
0 0.563802 0.728935 0.028125 0.046759
0 0.632943 0.707407 0.012240 0.038889
0 0.531641 0.691667 0.034115 0.035185
0 0.865755 0.694213 0.017969 0.043056
0 0.913542 0.516435 0.017188 0.059722
0 0.602344 0.388194 0.021354 0.037500
0 0.758854 0.315741 0.005729 0.012963
0 0.680599 0.306944 0.021094 0.037037
0 0.743490 0.237037 0.018229 0.031481
0 0.975911 0.217130 0.012760 0.043519
0 0.644661 0.172917 0.019531 0.032870
0 0.741146 0.157176 0.025000 0.033796
0 0.997526 0.056019 0.004427 0.013889