0 0.738151 0.818981 0.058073 0.073148
0 0.029818 0.775463 0.010677 0.032407
0 0.122656 0.743287 0.014583 0.022685
0 0.423828 0.623380 0.024740 0.036574
0 0.591927 0.513657 0.015104 0.039352
0 0.265885 0.498843 0.013542 0.025463
0 0.316797 0.472454 0.012760 0.022685
0 0.335286 0.448380 0.047656 0.049537
0 0.586458 0.426620 0.015625 0.043056
0 0.384375 0.353472 0.011979 0.033796
0 0.568620 0.325463 0.021094 0.035185
0 0.681901 0.287731 0.022135 0.027315
0 0.541016 0.146065 0.020052 0.052315
0 0.172526 0.094444 0.009635 0.026852
0 0.379948 0.097454 0.022396 0.033796
0 0.768750 0.080787 0.026562 0.029167
0 0.167448 0.034722 0.014583 0.016667
0 0.610938 0.025463 0.028125 0.049074