0 0.140625 0.994907 0.034375 0.008333
0 0.174219 0.991667 0.006250 0.015741
0 0.014583 0.956019 0.006771 0.013889
0 0.035547 0.944213 0.025781 0.029167
0 0.350911 0.922917 0.008073 0.014352
0 0.704427 0.852778 0.061979 0.063889
0 0.413802 0.795833 0.019271 0.029630
0 0.388411 0.789120 0.051302 0.069907
0 0.023307 0.710185 0.011719 0.029630
0 0.513411 0.694213 0.011198 0.040278
0 0.820443 0.647917 0.014323 0.033796
0 0.506250 0.633333 0.038542 0.037037
0 0.186979 0.631481 0.021875 0.038889
0 0.972005 0.612963 0.038802 0.075000
0 0.714583 0.504630 0.018750 0.047222
0 0.690234 0.488657 0.018490 0.025463
0 0.823177 0.476389 0.019792 0.046296
0 0.303385 0.442130 0.007812 0.012963
0 0.869531 0.440741 0.012500 0.032407
0 0.376693 0.400694 0.016406 0.023611
0 0.215365 0.319213 0.017708 0.028241
0 0.691146 0.313426 0.019271 0.033333
0 0.810026 0.298148 0.024219 0.031481
0 0.209245 0.251157 0.014844 0.026389
0 0.958854 0.232176 0.013542 0.033796
0 0.517057 0.176389 0.016927 0.035185
0 0.555339 0.143056 0.016406 0.027778
0 0.191146 0.132639 0.025521 0.043056
0 0.484766 0.116898 0.017448 0.032870
0 0.169401 0.090046 0.019531 0.043981
0 0.884505 0.078935 0.021615 0.038426
0 0.433854 0.083565 0.027604 0.074537
0 0.363802 0.066667 0.026042 0.040741
0 0.977995 0.070370 0.023177 0.070370
0 0.526693 0.048148 0.013281 0.025926
0 0.057031 0.040046 0.021875 0.042130
0 0.618750 0.025231 0.016146 0.047685