0 0.910547 0.984491 0.021094 0.031019
0 0.423438 0.970602 0.022917 0.049537
0 0.829427 0.956481 0.017188 0.025000
0 0.152083 0.939815 0.028125 0.041667
0 0.374479 0.867361 0.028646 0.035648
0 0.115365 0.751389 0.037500 0.050000
0 0.209635 0.746759 0.039062 0.045370
0 0.759766 0.632870 0.040885 0.069444
0 0.325260 0.527315 0.026562 0.041667
0 0.263021 0.478472 0.031771 0.042130
0 0.970052 0.484028 0.023958 0.056019
0 0.183984 0.442824 0.014323 0.027315
0 0.163932 0.151157 0.030990 0.039352
0 0.232813 0.131944 0.026562 0.028704
0 0.129036 0.106019 0.021615 0.041667
0 0.223958 0.037269 0.029167 0.026389