0 0.303776 0.987500 0.012760 0.024074
0 0.180729 0.931944 0.006250 0.014815
0 0.223958 0.859954 0.021875 0.026389
0 0.195052 0.856481 0.017708 0.021296
0 0.442578 0.849074 0.015365 0.031481
0 0.350000 0.821065 0.013542 0.031944
0 0.387760 0.808796 0.018229 0.032407
0 0.216406 0.803935 0.013021 0.023611
0 0.592057 0.503935 0.009635 0.017130
0 0.007943 0.328704 0.014323 0.039815
0 0.271875 0.276852 0.009375 0.012037
0 0.545443 0.277778 0.023177 0.027778
0 0.045312 0.191898 0.016146 0.041204
0 0.692187 0.176852 0.009375 0.013889
0 0.207682 0.057407 0.009635 0.025000
0 0.555729 0.021759 0.023438 0.037037