0 0.539974 0.876620 0.019010 0.030093
0 0.062370 0.815046 0.007552 0.013426
0 0.280469 0.731481 0.009375 0.024074
0 0.045703 0.728241 0.015365 0.026852
0 0.721224 0.700926 0.016927 0.034259
0 0.710156 0.668519 0.014063 0.024074
0 0.785156 0.573380 0.020313 0.032870
0 0.882031 0.497917 0.016667 0.027315
0 0.220964 0.468750 0.009635 0.019907
0 0.130078 0.465972 0.017969 0.028241
0 0.902995 0.463657 0.019531 0.031019
0 0.883464 0.454861 0.014323 0.029167
0 0.642578 0.403241 0.019531 0.055556
0 0.343229 0.363426 0.014583 0.013889
0 0.009635 0.338426 0.016146 0.026852
0 0.339844 0.254398 0.007292 0.012500
0 0.363411 0.169213 0.013802 0.026389
0 0.477604 0.118519 0.011979 0.026852
0 0.753776 0.105787 0.011719 0.023611
0 0.608203 0.052083 0.023177 0.037500
0 0.907682 0.030787 0.008073 0.018056
0 0.352734 0.012500 0.020573 0.025000