0 0.109115 0.989815 0.019792 0.019444
0 0.583854 0.981019 0.007292 0.037037
0 0.965104 0.971296 0.014063 0.043519
0 0.440755 0.945370 0.018490 0.044444
0 0.709635 0.926620 0.028646 0.029167
0 0.898828 0.927546 0.014844 0.038426
0 0.483333 0.928009 0.009375 0.040278
0 0.599740 0.859028 0.016667 0.018056
0 0.224740 0.866435 0.026562 0.074537
0 0.947266 0.835417 0.018490 0.023611
0 0.421745 0.795139 0.023177 0.016204
0 0.708724 0.772222 0.014844 0.035185
0 0.420312 0.753704 0.014583 0.030556
0 0.562240 0.746759 0.010937 0.037963
0 0.540365 0.681250 0.011979 0.025463
0 0.460417 0.667824 0.014063 0.018056
0 0.284766 0.652546 0.016406 0.038426
0 0.447656 0.621528 0.017188 0.023611
0 0.662240 0.617593 0.023958 0.021296
0 0.875130 0.618287 0.026823 0.041204
0 0.389453 0.613194 0.026302 0.059722
0 0.575000 0.565741 0.016146 0.025926
0 0.087370 0.558333 0.016927 0.071296
0 0.490755 0.522685 0.011719 0.017593
0 0.935156 0.521528 0.021875 0.060648
0 0.531641 0.485648 0.012240 0.025926
0 0.374089 0.428704 0.014844 0.026852
0 0.460286 0.427778 0.016927 0.026852
0 0.604688 0.406944 0.019792 0.026852
0 0.218229 0.393519 0.015625 0.058333
0 0.301172 0.325000 0.017448 0.027778
0 0.346224 0.306944 0.015365 0.019444
0 0.932161 0.301852 0.020573 0.030556
0 0.334375 0.230787 0.017708 0.024537
0 0.607161 0.227315 0.019010 0.069444
0 0.417578 0.141667 0.016927 0.030556
0 0.902734 0.119213 0.015885 0.026389
0 0.131901 0.113889 0.012760 0.027778
0 0.477083 0.086111 0.005729 0.010185
0 0.261589 0.062037 0.020052 0.025926
0 0.584115 0.006250 0.010417 0.012500
0 0.304557 0.014352 0.016927 0.028704
0 0.116797 0.009491 0.019531 0.018981