0 0.631120 0.986343 0.008073 0.010648
0 0.994922 0.899537 0.009635 0.018519
0 0.929036 0.816435 0.006510 0.012500
0 0.874349 0.806250 0.010156 0.014352
0 0.917578 0.775926 0.034115 0.045370
0 0.892969 0.730556 0.008854 0.012037
0 0.447917 0.728704 0.048438 0.036111
0 0.815495 0.709954 0.008594 0.012500
0 0.817057 0.696296 0.020573 0.015741
0 0.938932 0.681944 0.016927 0.016667
0 0.468490 0.631250 0.019792 0.018981
0 0.942839 0.618287 0.008594 0.010648
0 0.632161 0.619213 0.005990 0.015278
0 0.938672 0.535648 0.006510 0.016667
0 0.977734 0.528704 0.008073 0.027778
0 0.765365 0.518287 0.004687 0.013426
0 0.732422 0.520139 0.007031 0.018056
0 0.629687 0.512037 0.005729 0.016667
0 0.600130 0.447685 0.007552 0.012963
0 0.683724 0.342361 0.007031 0.010648