0 0.258464 0.949306 0.012240 0.022685
0 0.386068 0.909259 0.026823 0.035185
0 0.426953 0.887037 0.008594 0.013889
0 0.443750 0.828009 0.018229 0.025463
0 0.320182 0.802778 0.023698 0.048148
0 0.486849 0.796528 0.023698 0.037500
0 0.564323 0.756250 0.024479 0.036574
0 0.359505 0.744676 0.026302 0.043981
0 0.509505 0.739352 0.027865 0.039815
0 0.598958 0.675926 0.037500 0.049074
0 0.684635 0.611343 0.034375 0.049537
0 0.441927 0.574074 0.019271 0.028704
0 0.771224 0.530324 0.020052 0.030093
0 0.712240 0.524537 0.014583 0.034259
0 0.799349 0.505324 0.023698 0.030093
0 0.888411 0.446528 0.022656 0.035648
0 0.871615 0.335417 0.017708 0.029167
0 0.965234 0.315509 0.012240 0.030093
0 0.472266 0.314120 0.017448 0.030093
0 0.981901 0.308333 0.017448 0.025926
0 0.356641 0.238194 0.026823 0.036574
0 0.405208 0.218981 0.018750 0.026852
0 0.450000 0.204398 0.011458 0.040278
0 0.605729 0.150463 0.019792 0.051852
0 0.272005 0.125463 0.023698 0.034259
0 0.491797 0.111111 0.012760 0.028704
0 0.923047 0.040972 0.022135 0.054167