0 0.869792 0.988657 0.020833 0.022685
0 0.525391 0.952546 0.021094 0.045833
0 0.676562 0.950463 0.020313 0.044444
0 0.451042 0.896065 0.022396 0.031944
0 0.903255 0.833333 0.009635 0.017593
0 0.820573 0.809491 0.019271 0.033796
0 0.286719 0.772222 0.023438 0.048148
0 0.589844 0.767361 0.026562 0.085648
0 0.844922 0.692824 0.024740 0.042130
0 0.884766 0.657639 0.010677 0.031944
0 0.961068 0.662731 0.036719 0.056019
0 0.038932 0.624769 0.010677 0.089352
0 0.463932 0.570370 0.016406 0.029630
0 0.890625 0.500694 0.010417 0.020833
0 0.949870 0.478704 0.017969 0.028704
0 0.592057 0.478935 0.027344 0.057870
0 0.514714 0.445602 0.010156 0.018056
0 0.371875 0.448148 0.021875 0.042593
0 0.749870 0.450463 0.045052 0.073148
0 0.088672 0.422454 0.019010 0.047685
0 0.409505 0.342824 0.023177 0.039352
0 0.214453 0.349769 0.039844 0.067130
0 0.322656 0.320370 0.034896 0.054630
0 0.312370 0.222454 0.034635 0.025463
0 0.639714 0.208102 0.028385 0.053241
0 0.700911 0.165741 0.022656 0.035185
0 0.218620 0.097685 0.024219 0.052778
0 0.163802 0.058565 0.015625 0.021759
0 0.498047 0.066204 0.019010 0.048148
0 0.349609 0.015741 0.011719 0.031481
0 0.267188 0.014120 0.010937 0.028241
0 0.111719 0.007870 0.031771 0.015741