0 0.428516 0.801620 0.004427 0.007870
0 0.995182 0.684491 0.007031 0.012500
0 0.106771 0.664815 0.006771 0.010185
0 0.979167 0.607176 0.008854 0.018056
0 0.996094 0.589815 0.007812 0.019444
0 0.509245 0.584722 0.007552 0.019444
0 0.958594 0.543519 0.008854 0.017593
0 0.518359 0.525000 0.009115 0.016667
0 0.503906 0.471065 0.009896 0.013426
0 0.763672 0.460880 0.016406 0.037500
0 0.100911 0.394676 0.005469 0.009722
0 0.083203 0.366667 0.033594 0.049074
0 0.956250 0.341667 0.009896 0.012963
0 0.689583 0.301157 0.008854 0.023611
0 0.953385 0.235648 0.010937 0.014815
0 0.679427 0.179630 0.006771 0.012037
0 0.592187 0.105787 0.007292 0.014352
0 0.682813 0.040046 0.015104 0.036574