0 0.715495 0.995139 0.014844 0.009722
0 0.015234 0.984491 0.027865 0.031019
0 0.883073 0.983796 0.019271 0.031481
0 0.314323 0.967824 0.050000 0.063426
0 0.654557 0.872222 0.014323 0.019444
0 0.055339 0.897917 0.055990 0.093981
0 0.180339 0.809028 0.034115 0.043981
0 0.178516 0.780787 0.017969 0.036574
0 0.964323 0.777546 0.018750 0.091204
0 0.739844 0.680787 0.014583 0.040278
0 0.897005 0.672685 0.015365 0.025926
0 0.351172 0.589583 0.028906 0.048611
0 0.577865 0.589120 0.020833 0.049537
0 0.907813 0.508796 0.020313 0.042593
0 0.688802 0.491898 0.018750 0.030093
0 0.272396 0.487037 0.018750 0.034259
0 0.045052 0.486574 0.024479 0.050000
0 0.852995 0.453704 0.015885 0.039815
0 0.661328 0.442130 0.020573 0.052778
0 0.499219 0.378009 0.027083 0.036574
0 0.832422 0.381944 0.026302 0.059259
0 0.178906 0.308565 0.018229 0.039352
0 0.959896 0.258102 0.017708 0.037500
0 0.553516 0.234491 0.010156 0.018981
0 0.760807 0.221065 0.020573 0.047685
0 0.463672 0.209491 0.032031 0.028241
0 0.486198 0.196759 0.004687 0.008333
0 0.218229 0.208565 0.018750 0.033796
0 0.115755 0.174537 0.014844 0.026852
0 0.875911 0.156944 0.017969 0.028704
0 0.019661 0.171991 0.039323 0.068056
0 0.583464 0.089352 0.011198 0.022222
0 0.016276 0.054398 0.027865 0.073611
0 0.637370 0.007176 0.014323 0.014352