0 0.030208 0.978704 0.040104 0.042593
0 0.155469 0.941204 0.022917 0.017593
0 0.202604 0.941898 0.025000 0.032870
0 0.904036 0.901620 0.025781 0.030093
0 0.670833 0.853935 0.026562 0.038426
0 0.568750 0.849769 0.024479 0.030093
0 0.257031 0.741898 0.016667 0.041204
0 0.342708 0.723380 0.016146 0.018981
0 0.729036 0.726389 0.019531 0.046296
0 0.627474 0.694676 0.026302 0.034722
0 0.774870 0.659259 0.015885 0.038889
0 0.704167 0.591204 0.027604 0.043519
0 0.213542 0.558333 0.026042 0.047222
0 0.748047 0.546065 0.019010 0.030093
0 0.015104 0.528472 0.023958 0.027315
0 0.855469 0.504861 0.024479 0.023611
0 0.050391 0.509722 0.032552 0.038889
0 0.058724 0.462963 0.025781 0.034259
0 0.853646 0.448843 0.018229 0.046759
0 0.414062 0.448611 0.009375 0.050000
0 0.270443 0.413194 0.035156 0.045833
0 0.135807 0.366435 0.034115 0.042130
0 0.258854 0.281250 0.017188 0.042130
0 0.524740 0.271296 0.018750 0.025000
0 0.312109 0.266898 0.021094 0.028241
0 0.492057 0.223611 0.025781 0.026852
0 0.561719 0.203935 0.035417 0.042130
0 0.626563 0.208565 0.021354 0.060648
0 0.720573 0.158333 0.021354 0.034259
0 0.603255 0.126389 0.018490 0.022222
0 0.462240 0.117824 0.013021 0.043056
0 0.563802 0.097917 0.022396 0.054167