0 0.780078 0.970370 0.017969 0.045370
0 0.793099 0.855324 0.034115 0.042130
0 0.850911 0.830093 0.028906 0.043519
0 0.992057 0.794907 0.015365 0.042593
0 0.189844 0.686111 0.028125 0.027778
0 0.850521 0.639352 0.018750 0.024074
0 0.183594 0.611111 0.016146 0.030556
0 0.011719 0.625926 0.017188 0.062037
0 0.141276 0.481944 0.024219 0.057407
0 0.434766 0.421528 0.009115 0.016204
0 0.130078 0.418287 0.012760 0.025463
0 0.908073 0.388194 0.020313 0.052315
0 0.985938 0.288657 0.028125 0.079167
0 0.997526 0.237963 0.004948 0.024074
0 0.228906 0.222222 0.026562 0.035185
0 0.210156 0.178009 0.018750 0.024537
0 0.235677 0.056713 0.020833 0.035648
0 0.256510 0.004630 0.019271 0.008333