0 0.636328 0.980093 0.024740 0.038889
0 0.599479 0.928935 0.013542 0.029167
0 0.677865 0.869213 0.006250 0.010648
0 0.619531 0.864352 0.008854 0.017593
0 0.325521 0.895370 0.068229 0.100000
0 0.697396 0.847222 0.006771 0.012037
0 0.591927 0.843519 0.016146 0.031481
0 0.017188 0.890741 0.034375 0.128704
0 0.206120 0.819444 0.009115 0.017593
0 0.789062 0.786343 0.013021 0.024537
0 0.276823 0.753241 0.013021 0.019444
0 0.535937 0.706481 0.008854 0.016667
0 0.591927 0.652546 0.038021 0.063426
0 0.644531 0.627546 0.007292 0.018981
0 0.161979 0.608796 0.010417 0.016667
0 0.854036 0.607407 0.040885 0.108333
0 0.213542 0.551852 0.009896 0.015741
0 0.814453 0.556250 0.013802 0.028241
0 0.944271 0.525463 0.009896 0.015741
0 0.450911 0.508796 0.005469 0.009259
0 0.884896 0.506481 0.009896 0.013889
0 0.382292 0.463657 0.004687 0.008796
0 0.923177 0.461806 0.009375 0.014352
0 0.448307 0.434028 0.011198 0.023611
0 0.421224 0.419213 0.005469 0.009722
0 0.441016 0.414815 0.006510 0.012037
0 0.680339 0.406250 0.006510 0.011574
0 0.076172 0.448611 0.045052 0.102778
0 0.692969 0.378241 0.007812 0.013889
0 0.721745 0.362963 0.008073 0.014815
0 0.741406 0.358102 0.032292 0.054167
0 0.358724 0.305324 0.008594 0.017130
0 0.375260 0.294444 0.007292 0.012963
0 0.622396 0.283102 0.008333 0.018981
0 0.492057 0.234954 0.008073 0.014352
0 0.679427 0.234722 0.008854 0.018519
0 0.108854 0.232407 0.009375 0.016667
0 0.618490 0.187963 0.007812 0.013889
0 0.298698 0.184028 0.007812 0.013426
0 0.986068 0.182176 0.010677 0.018056
0 0.399089 0.189120 0.038281 0.039352
0 0.773307 0.174537 0.008073 0.014815
0 0.649479 0.168056 0.008333 0.014815
0 0.681380 0.172917 0.009635 0.029167
0 0.080859 0.139352 0.007031 0.012963
0 0.366276 0.138426 0.007031 0.012037
0 0.480990 0.135880 0.008333 0.015278
0 0.592448 0.130324 0.008854 0.016204
0 0.617057 0.114583 0.008073 0.014352
0 0.816797 0.119907 0.012760 0.036111
0 0.837891 0.100463 0.010677 0.023148
0 0.650000 0.095833 0.008333 0.014815
0 0.897396 0.083102 0.010937 0.015278
0 0.438281 0.082639 0.015104 0.028241
0 0.760026 0.054861 0.015885 0.022685
0 0.976432 0.016667 0.009115 0.017593