0 0.975781 0.921065 0.020833 0.045833
0 0.745443 0.907407 0.021094 0.026852
0 0.210938 0.872454 0.014583 0.034722
0 0.254036 0.856019 0.016927 0.025000
0 0.083464 0.855093 0.024219 0.035185
0 0.497005 0.823148 0.010156 0.018519
0 0.571745 0.827083 0.024740 0.031019
0 0.482943 0.824306 0.017969 0.043056
0 0.930599 0.818519 0.028906 0.039815
0 0.198177 0.775694 0.021875 0.044907
0 0.090885 0.769907 0.021354 0.049074
0 0.519141 0.731481 0.017969 0.025000
0 0.882422 0.733565 0.022135 0.039352
0 0.286719 0.729861 0.011979 0.032870
0 0.593099 0.730556 0.020573 0.042593
0 0.933073 0.712037 0.023438 0.037963
0 0.553906 0.687269 0.023438 0.052315
0 0.625260 0.614815 0.030208 0.053704
0 0.023568 0.593750 0.023177 0.027315
0 0.919401 0.580787 0.024219 0.031019
0 0.238802 0.592361 0.036979 0.087500
0 0.671875 0.543519 0.024479 0.033333
0 0.323958 0.542130 0.023958 0.030556
0 0.351693 0.461806 0.022656 0.031944
0 0.678906 0.462963 0.023438 0.052778
0 0.045833 0.405556 0.017708 0.036111
0 0.734115 0.392130 0.018229 0.029630
0 0.203646 0.375231 0.018750 0.042130
0 0.360417 0.365509 0.028125 0.037500
0 0.368620 0.326389 0.023698 0.040741
0 0.966797 0.302546 0.025781 0.036574
0 0.026042 0.282176 0.019271 0.029167
0 0.791016 0.254167 0.016406 0.037963
0 0.251172 0.220370 0.025781 0.039815
0 0.005859 0.186574 0.011719 0.038889
0 0.449609 0.134028 0.022135 0.028241
0 0.084245 0.148843 0.021615 0.067130
0 0.653906 0.104398 0.026562 0.033796
0 0.480208 0.054630 0.018229 0.022222
0 0.294531 0.029167 0.018750 0.039815
0 0.912240 0.007176 0.016146 0.014352