0 0.280469 0.993981 0.012500 0.011111
0 0.879167 0.971296 0.011979 0.017593
0 0.330078 0.966204 0.017969 0.025926
0 0.289193 0.957870 0.021615 0.027778
0 0.754167 0.915278 0.013021 0.042593
0 0.814974 0.912731 0.026302 0.070833
0 0.419661 0.855324 0.012760 0.028241
0 0.547266 0.838889 0.028906 0.037037
0 0.745964 0.694676 0.013281 0.016204
0 0.188672 0.687037 0.017448 0.025000
0 0.800260 0.666204 0.021875 0.026852
0 0.834635 0.647222 0.016667 0.026852
0 0.801953 0.630556 0.013802 0.033333
0 0.827734 0.622222 0.019010 0.022222
0 0.893359 0.603472 0.020052 0.024537
0 0.956510 0.576852 0.009375 0.014815
0 0.986979 0.570602 0.013021 0.015278
0 0.358333 0.556019 0.009375 0.024074
0 0.880859 0.558333 0.024219 0.033333
0 0.523307 0.480556 0.016927 0.022222
0 0.475911 0.455787 0.015885 0.038426
0 0.342187 0.439815 0.015104 0.020370
0 0.728646 0.349306 0.015104 0.029167
0 0.001693 0.323611 0.003385 0.018519
0 0.765234 0.321759 0.016927 0.024074
0 0.789193 0.306481 0.017448 0.023148
0 0.817448 0.267130 0.019792 0.029630
0 0.883333 0.249074 0.018229 0.024074
0 0.193229 0.250694 0.016667 0.038426
0 0.189974 0.141435 0.023698 0.038426
0 0.343490 0.133102 0.043750 0.043056
0 0.090625 0.099074 0.022396 0.025000
0 0.222266 0.076852 0.026823 0.037963
0 0.249349 0.038194 0.017969 0.044907
0 0.519661 0.016898 0.022135 0.033796