0 0.479557 0.945139 0.014844 0.024537
0 0.769792 0.943519 0.022917 0.040741
0 0.522005 0.862963 0.016927 0.033333
0 0.204948 0.848380 0.019271 0.034722
0 0.596745 0.834722 0.027865 0.039815
0 0.912240 0.658102 0.029687 0.043981
0 0.003646 0.525000 0.007292 0.026852
0 0.091536 0.475694 0.008073 0.014352
0 0.019792 0.386574 0.010417 0.018519
0 0.990625 0.364120 0.010417 0.031019
0 0.143880 0.355787 0.010677 0.014352
0 0.805859 0.336806 0.009635 0.024537
0 0.886068 0.312963 0.022656 0.026852
0 0.883464 0.278009 0.008594 0.019907
0 0.054557 0.089583 0.009115 0.022685
0 0.187891 0.080787 0.006510 0.011574
0 0.053906 0.032870 0.013542 0.024074
0 0.013281 0.025694 0.015625 0.010648