0 0.915234 0.966667 0.027344 0.027778
0 0.780469 0.719444 0.021354 0.031481
0 0.599870 0.715509 0.025781 0.049537
0 0.961068 0.630556 0.019531 0.019444
0 0.180208 0.497685 0.031771 0.050926
0 0.469661 0.433565 0.026823 0.051389
0 0.068620 0.401389 0.013281 0.037963
0 0.183073 0.337037 0.020313 0.032407
0 0.494141 0.283565 0.016927 0.031019
0 0.375521 0.225694 0.026042 0.043981
0 0.453125 0.168981 0.014063 0.025000
0 0.308854 0.163657 0.018229 0.034722
0 0.878385 0.120833 0.009896 0.017593
0 0.045703 0.050231 0.025781 0.036574