0 0.570833 0.987731 0.024479 0.024537
0 0.148438 0.980324 0.023958 0.021759
0 0.331250 0.907407 0.014583 0.025926
0 0.562240 0.811806 0.007292 0.012500
0 0.073438 0.766204 0.018750 0.055556
0 0.827214 0.746991 0.017969 0.059722
0 0.199609 0.705787 0.019010 0.022685
0 0.312109 0.618981 0.027344 0.032407
0 0.315104 0.546528 0.012500 0.016204
0 0.745833 0.457870 0.023438 0.061111
0 0.068620 0.433333 0.027344 0.044444
0 0.292318 0.392593 0.020573 0.031481
0 0.581901 0.302546 0.019531 0.023611
0 0.800781 0.249769 0.015625 0.043981
0 0.313281 0.196065 0.035937 0.050463
0 0.506510 0.127083 0.044271 0.046759
0 0.577344 0.108102 0.024479 0.068056
0 0.474609 0.044213 0.017969 0.037500
0 0.253776 0.006481 0.012760 0.012963