0 0.952344 0.629167 0.010937 0.023148
0 0.299349 0.612731 0.009635 0.012500
0 0.086458 0.603935 0.013021 0.040278
0 0.857682 0.591898 0.024219 0.048611
0 0.072656 0.580556 0.020833 0.033333
0 0.461068 0.532176 0.011719 0.029167
0 0.992969 0.531713 0.014063 0.031944
0 0.948568 0.390972 0.009635 0.011574
0 0.897526 0.380324 0.015365 0.031944
0 0.493880 0.369444 0.023698 0.033333
0 0.697917 0.359259 0.025000 0.025926
0 0.636198 0.342593 0.009375 0.031481
0 0.270964 0.287037 0.013802 0.032407
0 0.022656 0.253472 0.017708 0.021759
0 0.077734 0.232407 0.016406 0.025000
0 0.277344 0.229167 0.020313 0.031481
0 0.441016 0.185185 0.014323 0.017593
0 0.097266 0.180093 0.021094 0.029630
0 0.127604 0.160417 0.017188 0.024537
0 0.146094 0.131481 0.016146 0.025926
0 0.045443 0.114815 0.022135 0.037963
0 0.698568 0.105324 0.024219 0.028241
0 0.856510 0.106250 0.032813 0.049537
0 0.175000 0.054861 0.016146 0.014352
0 0.198828 0.037269 0.016927 0.023611