0 0.282943 0.982870 0.006510 0.012037
0 0.816016 0.977778 0.009635 0.018519
0 0.691406 0.977315 0.010937 0.022222
0 0.614062 0.959259 0.008333 0.014815
0 0.322786 0.926389 0.007031 0.008333
0 0.700000 0.923380 0.018229 0.028241
0 0.935156 0.856944 0.016667 0.037037
0 0.662760 0.827083 0.015625 0.032870
0 0.158854 0.766898 0.008854 0.011574
0 0.134245 0.723611 0.007552 0.013889
0 0.076432 0.717130 0.009635 0.012037
0 0.113932 0.711111 0.009115 0.024074
0 0.193750 0.682870 0.007812 0.010185
0 0.225391 0.681250 0.010156 0.011574
0 0.630990 0.673843 0.006250 0.012500
0 0.244401 0.667361 0.009635 0.030093
0 0.014193 0.655787 0.009635 0.009722
0 0.810156 0.610648 0.007292 0.016667
0 0.788021 0.597685 0.018229 0.033333
0 0.886328 0.559028 0.008594 0.015278
0 0.848047 0.532639 0.016406 0.023611
0 0.938672 0.502778 0.008594 0.014815
0 0.751563 0.503472 0.014583 0.025463
0 0.899870 0.443981 0.014323 0.021296
0 0.073307 0.406250 0.005990 0.009722
0 0.897656 0.402315 0.009896 0.019444
0 0.530208 0.385417 0.011458 0.021759
0 0.266667 0.418056 0.067187 0.112037
0 0.202995 0.345370 0.023177 0.031481
0 0.375521 0.338194 0.021875 0.032870
0 0.361458 0.318287 0.008854 0.014352
0 0.593880 0.314583 0.009115 0.018056
0 0.821745 0.232870 0.010677 0.019444
0 0.460938 0.177778 0.008854 0.015741
0 0.829427 0.171991 0.012500 0.022685
0 0.616667 0.112731 0.007812 0.013426
0 0.485417 0.130787 0.050000 0.059722
0 0.099089 0.017824 0.009115 0.016204