0 0.586719 0.991898 0.013542 0.016204
0 0.956250 0.758333 0.026562 0.024074
0 0.548828 0.740046 0.021094 0.041204
0 0.702474 0.736343 0.014323 0.043981
0 0.740365 0.706944 0.022396 0.023148
0 0.116536 0.649537 0.008073 0.034259
0 0.145052 0.614815 0.011979 0.052778
0 0.971094 0.588426 0.014063 0.038889
0 0.057813 0.577778 0.018750 0.042593
0 0.195443 0.566898 0.029948 0.039352
0 0.247396 0.563426 0.026042 0.037963
0 0.806901 0.551620 0.025781 0.059722
0 0.008854 0.521991 0.017708 0.037500
0 0.430599 0.510648 0.028906 0.018519
0 0.679036 0.488657 0.029427 0.038426
0 0.139974 0.477546 0.019531 0.041204
0 0.031901 0.427083 0.034635 0.049537
0 0.497917 0.418750 0.024479 0.036574
0 0.134375 0.405787 0.021354 0.038426
0 0.834245 0.231250 0.009115 0.027315
0 0.726562 0.231944 0.022396 0.029630
0 0.379948 0.190972 0.031250 0.062500
0 0.477344 0.171528 0.027083 0.036574
0 0.902083 0.136806 0.027604 0.030093
0 0.788932 0.122454 0.023698 0.035648
0 0.500521 0.127778 0.022917 0.060185
0 0.430078 0.096759 0.009635 0.031481
0 0.454036 0.053704 0.012240 0.030556
0 0.082031 0.053935 0.022396 0.034722
0 0.799479 0.003935 0.025521 0.006944
0 0.376693 0.018981 0.011719 0.037037
0 0.990625 0.031481 0.017188 0.062963
0 0.229036 0.005324 0.023698 0.010648