0 0.590104 0.891204 0.030208 0.042593
0 0.272266 0.849769 0.023698 0.027315
0 0.536458 0.812963 0.010937 0.015741
0 0.987630 0.736111 0.007031 0.012963
0 0.016406 0.721296 0.011979 0.021296
0 0.772526 0.717130 0.015365 0.035185
0 0.155729 0.662037 0.021875 0.028704
0 0.063021 0.643056 0.015625 0.040741
0 0.930469 0.610648 0.024479 0.035185
0 0.388151 0.558333 0.011719 0.026852
0 0.309635 0.527315 0.020833 0.026852
0 0.971354 0.518287 0.009896 0.018056
0 0.179688 0.516667 0.020833 0.047222
0 0.460547 0.488194 0.016406 0.041204
0 0.236198 0.446065 0.031250 0.039352
0 0.024479 0.446991 0.029167 0.071759
0 0.447656 0.306713 0.019792 0.028241
0 0.483464 0.309722 0.029427 0.040741
0 0.826693 0.224306 0.016406 0.034722
0 0.526172 0.222222 0.025260 0.031481
0 0.842448 0.204398 0.017188 0.044907
0 0.557031 0.193519 0.014063 0.034259
0 0.794531 0.102546 0.022917 0.031019
0 0.871354 0.093750 0.019792 0.046759