0 0.021615 0.971991 0.015104 0.046759
0 0.436849 0.936574 0.014323 0.044444
0 0.219271 0.928009 0.023438 0.027315
0 0.389193 0.811111 0.027865 0.038889
0 0.599609 0.789120 0.021094 0.050463
0 0.106380 0.605324 0.010156 0.027315
0 0.540365 0.544907 0.008854 0.033333
0 0.294531 0.382176 0.020833 0.039352
0 0.357422 0.314815 0.019531 0.042593
0 0.244661 0.304630 0.011719 0.042593
0 0.124609 0.278009 0.012760 0.028241
0 0.817187 0.236111 0.058333 0.132407
0 0.074609 0.157176 0.014844 0.036574
0 0.865104 0.083796 0.027083 0.051852
0 0.718359 0.023380 0.075260 0.046759
0 0.278516 0.009722 0.019531 0.019444