0 0.629297 0.979861 0.012240 0.023611
0 0.633464 0.951852 0.022135 0.025000
0 0.828385 0.901852 0.007292 0.012963
0 0.945833 0.914120 0.032292 0.052315
0 0.717448 0.894444 0.009896 0.023148
0 0.735286 0.880556 0.007552 0.012963
0 0.760547 0.871991 0.023177 0.028241
0 0.794141 0.867361 0.022135 0.056019
0 0.602474 0.817593 0.023177 0.031481
0 0.960807 0.745139 0.012760 0.019907
0 0.625000 0.746759 0.021354 0.026852
0 0.719922 0.711343 0.023698 0.038426
0 0.747786 0.464815 0.017448 0.025000
0 0.493620 0.408102 0.020052 0.032870
0 0.594531 0.373843 0.019271 0.025463
0 0.638281 0.322222 0.016146 0.036111
0 0.820964 0.282407 0.008073 0.015741
0 0.049349 0.245602 0.008594 0.015278
0 0.817057 0.247454 0.017969 0.044907
0 0.721615 0.186343 0.023958 0.031019
0 0.647396 0.173843 0.021875 0.041204
0 0.596484 0.150926 0.021094 0.038889
0 0.833984 0.145370 0.020052 0.050000
0 0.188672 0.104861 0.008073 0.014352
0 0.701693 0.087500 0.023177 0.037963