0 0.518880 0.985880 0.021615 0.027315
0 0.666536 0.979398 0.010677 0.024537
0 0.629557 0.937731 0.017448 0.042130
0 0.608724 0.859028 0.016406 0.021759
0 0.664453 0.800231 0.020573 0.026389
0 0.846484 0.762269 0.018490 0.043056
0 0.443490 0.749537 0.028125 0.035185
0 0.702604 0.718981 0.027604 0.036111
0 0.058594 0.697222 0.026042 0.028704
0 0.866276 0.678009 0.019010 0.032870
0 0.103516 0.668287 0.025781 0.030093
0 0.009115 0.661343 0.018229 0.043981
0 0.175521 0.634491 0.022917 0.050463
0 0.430078 0.614583 0.018490 0.038426
0 0.239714 0.614120 0.034635 0.043056
0 0.868490 0.596991 0.022917 0.023611
0 0.820703 0.524537 0.010156 0.027778
0 0.198828 0.515278 0.020573 0.044444
0 0.280729 0.500694 0.011458 0.033796
0 0.046224 0.539352 0.021615 0.125000
0 0.990885 0.454398 0.018229 0.036574
0 0.491016 0.445370 0.014323 0.029630
0 0.619141 0.348380 0.023177 0.030093
0 0.653906 0.322917 0.021354 0.039352
0 0.467578 0.291204 0.020573 0.051852
0 0.593750 0.271065 0.029687 0.037500
0 0.724219 0.186111 0.026562 0.031481
0 0.847396 0.167824 0.033854 0.027315
0 0.779167 0.131944 0.022917 0.040741
0 0.010677 0.109491 0.021354 0.043981
0 0.110026 0.083333 0.021094 0.045370
0 0.217839 0.053472 0.021615 0.018981
0 0.831901 0.049306 0.026823 0.033796
0 0.021745 0.011574 0.026302 0.023148