0 0.889844 0.961806 0.019271 0.026389
0 0.490234 0.959259 0.013802 0.056481
0 0.894010 0.911343 0.013021 0.031944
0 0.065495 0.887963 0.014323 0.041667
0 0.572917 0.878472 0.011979 0.043056
0 0.022266 0.813889 0.018490 0.038889
0 0.295182 0.787963 0.011719 0.034259
0 0.522526 0.737963 0.013802 0.049074
0 0.295833 0.703009 0.014063 0.012500
0 0.672656 0.713194 0.010937 0.036574
0 0.557813 0.701157 0.015104 0.037500
0 0.753385 0.685417 0.010417 0.040278
0 0.280859 0.675926 0.008594 0.026852
0 0.841667 0.676157 0.010937 0.030093
0 0.129557 0.598843 0.013281 0.017130
0 0.830078 0.605556 0.008594 0.031481
0 0.524609 0.603472 0.025781 0.033796
0 0.595182 0.597454 0.010677 0.037500
0 0.250651 0.578241 0.007552 0.016667
0 0.437240 0.559954 0.027083 0.023611
0 0.078255 0.510185 0.017448 0.019444
0 0.664323 0.500000 0.016667 0.024074
0 0.266536 0.493056 0.007552 0.023148
0 0.836198 0.477083 0.013021 0.043056
0 0.324740 0.464815 0.018229 0.022222
0 0.247917 0.435648 0.011458 0.030556
0 0.754687 0.415741 0.015104 0.045370
0 0.835156 0.401389 0.012500 0.027778
0 0.095703 0.382639 0.007552 0.027315
0 0.251042 0.361806 0.009896 0.027315
0 0.036328 0.365046 0.008073 0.034722
0 0.600260 0.311806 0.009375 0.014352
0 0.963411 0.327083 0.016927 0.057870
0 0.037760 0.292130 0.007292 0.028704
0 0.813151 0.281250 0.010156 0.036574
0 0.550391 0.265509 0.016406 0.014352
0 0.469792 0.257176 0.010417 0.027315
0 0.828776 0.249769 0.008594 0.028241
0 0.251693 0.248380 0.011719 0.030093
0 0.452734 0.218519 0.015885 0.017593
0 0.044922 0.238426 0.016927 0.057407
0 0.118099 0.184954 0.013802 0.016204
0 0.812370 0.190046 0.010156 0.028241
0 0.830599 0.186343 0.010677 0.029167
0 0.590104 0.166898 0.016146 0.028241
0 0.247786 0.163889 0.011198 0.049074
0 0.050911 0.107870 0.011198 0.033333
0 0.839714 0.037500 0.015365 0.015741
0 0.053906 0.039815 0.010417 0.030556
0 0.130208 0.036343 0.010937 0.041204
0 0.248047 0.018519 0.010677 0.034259