0 0.173698 0.991667 0.009896 0.015741
0 0.223698 0.934954 0.006771 0.013426
0 0.251432 0.918981 0.007552 0.014815
0 0.234766 0.844213 0.008594 0.016204
0 0.215755 0.838889 0.030469 0.079630
0 0.215495 0.786574 0.009115 0.018519
0 0.177865 0.704398 0.009896 0.016204
0 0.115885 0.688657 0.020313 0.027315
0 0.164974 0.667361 0.010156 0.017130
0 0.102604 0.364352 0.018229 0.030556
0 0.041146 0.286574 0.008333 0.013889
0 0.060026 0.257870 0.012240 0.025000
0 0.022266 0.175926 0.028906 0.022222
0 0.173698 0.155093 0.014063 0.017593
0 0.117578 0.090741 0.008594 0.012037
0 0.049870 0.026157 0.009115 0.014352
0 0.084635 0.004861 0.007812 0.009722