0 0.767708 0.974306 0.019792 0.041204
0 0.637760 0.829630 0.019271 0.048148
0 0.936458 0.807639 0.016146 0.017130
0 0.553255 0.667824 0.019531 0.045833
0 0.541276 0.634954 0.008594 0.014352
0 0.545703 0.587500 0.016406 0.033333
0 0.430469 0.544676 0.035937 0.066204
0 0.557682 0.442593 0.023698 0.054630
0 0.377734 0.402546 0.026302 0.067130
0 0.950391 0.322454 0.033073 0.061574
0 0.877344 0.282870 0.019792 0.041667
0 0.506510 0.272917 0.028125 0.052315
0 0.837109 0.205093 0.017448 0.031481
0 0.817448 0.157639 0.023958 0.051389
0 0.721615 0.144676 0.019792 0.028241
0 0.767057 0.138889 0.017448 0.024074
0 0.374609 0.076620 0.025260 0.046759