0 0.959375 0.978472 0.020313 0.035648
0 0.689583 0.961574 0.028125 0.056481
0 0.533464 0.901389 0.026302 0.042593
0 0.198568 0.819213 0.010677 0.035648
0 0.920833 0.807639 0.025000 0.052315
0 0.605208 0.789120 0.026562 0.040278
0 0.218229 0.719444 0.008854 0.029630
0 0.867318 0.723611 0.027344 0.060185
0 0.502083 0.667361 0.027083 0.030093
0 0.416927 0.632176 0.011979 0.033796
0 0.906250 0.631019 0.027604 0.050926
0 0.038542 0.572222 0.019271 0.035185
0 0.348047 0.527315 0.021615 0.025926
0 0.261458 0.520139 0.023438 0.023611
0 0.088411 0.510417 0.019010 0.018981
0 0.944792 0.512731 0.016146 0.028241
0 0.770052 0.499074 0.021875 0.036111
0 0.287500 0.448843 0.022396 0.035648
0 0.064583 0.397685 0.019271 0.027778
0 0.382161 0.372685 0.024219 0.053704
0 0.007292 0.315278 0.014583 0.019444
0 0.859245 0.320370 0.027865 0.047222
0 0.052474 0.217361 0.017448 0.035648
0 0.334375 0.206019 0.025000 0.053704
0 0.692318 0.177083 0.027865 0.047685
0 0.865495 0.145139 0.016406 0.029167
0 0.358984 0.123148 0.036719 0.065741
0 0.573828 0.071296 0.019531 0.045370
0 0.407943 0.037500 0.016927 0.030556