0 0.197266 0.456944 0.017969 0.023148
0 0.273828 0.391667 0.030469 0.035185
0 0.379036 0.367130 0.012240 0.054630
0 0.692708 0.372454 0.022396 0.066204
0 0.168750 0.323148 0.006250 0.011111
0 0.182552 0.354861 0.023438 0.086574
0 0.212630 0.302778 0.033594 0.031481
0 0.737240 0.182639 0.011458 0.022685
0 0.476953 0.184259 0.017448 0.032407
0 0.979167 0.146991 0.019271 0.040278
0 0.303255 0.155093 0.021094 0.069444
0 0.604818 0.088657 0.022135 0.033796
0 0.935937 0.081250 0.014583 0.025463
0 0.867318 0.076157 0.019531 0.041204
0 0.343099 0.027083 0.020052 0.046759
0 0.172135 0.009028 0.006250 0.010648
0 0.002214 0.014815 0.004427 0.022222
0 0.172266 0.017593 0.023698 0.034259