0 0.476823 0.992593 0.014583 0.014815
0 0.570703 0.972685 0.016406 0.026852
0 0.553516 0.931944 0.015885 0.032407
0 0.215104 0.923843 0.013021 0.043981
0 0.192188 0.871065 0.027604 0.031944
0 0.254688 0.727546 0.064062 0.035648
0 0.064844 0.625694 0.027083 0.032870
0 0.226172 0.552083 0.019531 0.024537
0 0.269792 0.502778 0.016146 0.031481
0 0.079427 0.485185 0.015104 0.031481
0 0.011719 0.454167 0.020833 0.028704
0 0.271875 0.403241 0.010937 0.031481
0 0.109635 0.260417 0.014583 0.037500
0 0.090104 0.244907 0.014583 0.041667
0 0.098568 0.097917 0.020052 0.034722