0 0.568750 0.959491 0.017708 0.026389
0 0.030208 0.940046 0.018229 0.031944
0 0.808203 0.908333 0.005990 0.011111
0 0.651563 0.874537 0.007812 0.013889
0 0.599089 0.869213 0.031510 0.043056
0 0.854557 0.843981 0.016927 0.027778
0 0.339453 0.777546 0.013281 0.025463
0 0.408333 0.758102 0.009375 0.016204
0 0.608073 0.739120 0.014063 0.027315
0 0.067708 0.722685 0.012500 0.019444
0 0.108203 0.702546 0.018490 0.037500
0 0.514323 0.529398 0.019271 0.039352
0 0.261068 0.470139 0.013281 0.020833
0 0.977214 0.454398 0.010677 0.030093
0 0.374740 0.417130 0.007812 0.013889
0 0.994271 0.409491 0.008854 0.010648
0 0.618880 0.308796 0.011198 0.025926
0 0.756510 0.294676 0.009375 0.012500
0 0.468620 0.278009 0.011719 0.048611
0 0.241276 0.271065 0.023698 0.038426
0 0.726432 0.250694 0.007031 0.016204
0 0.146875 0.211343 0.007292 0.011574
0 0.012240 0.206481 0.015104 0.022222
0 0.753385 0.142130 0.008333 0.014815
0 0.024089 0.129861 0.014323 0.020833
0 0.373177 0.128241 0.017188 0.025000
0 0.391146 0.102315 0.021354 0.024074
0 0.132292 0.087963 0.007812 0.015741
0 0.727344 0.062037 0.004167 0.013889
0 0.719792 0.068750 0.006250 0.029167
0 0.334766 0.014583 0.022135 0.029167