0 0.692057 0.976389 0.007552 0.012963
0 0.244531 0.907870 0.007292 0.012963
0 0.740495 0.894907 0.009635 0.019444
0 0.283333 0.883796 0.006771 0.012037
0 0.332813 0.859259 0.053125 0.037037
0 0.237370 0.828704 0.007031 0.012963
0 0.411979 0.729861 0.009896 0.021759
0 0.158073 0.576157 0.009375 0.013426
0 0.788151 0.505556 0.009115 0.016667
0 0.151042 0.497222 0.010417 0.014815
0 0.072005 0.457176 0.006510 0.011574
0 0.757422 0.401157 0.008594 0.012500
0 0.496354 0.398843 0.009375 0.009722
0 0.077083 0.359028 0.006771 0.016204
0 0.193620 0.346991 0.007031 0.012500
0 0.179557 0.376852 0.025781 0.096296
0 0.839844 0.346065 0.022917 0.036574
0 0.270703 0.326620 0.008073 0.014352
0 0.854688 0.305787 0.009896 0.018981
0 0.990495 0.231944 0.006510 0.012037
0 0.769010 0.223611 0.011979 0.022222
0 0.609115 0.216204 0.005208 0.009259
0 0.975260 0.192130 0.006771 0.012037
0 0.675260 0.160648 0.008333 0.014815
0 0.996615 0.153704 0.006250 0.022222
0 0.961328 0.141667 0.011198 0.018519
0 0.670443 0.092593 0.009635 0.014815
0 0.941927 0.084028 0.011458 0.018056
0 0.972396 0.065509 0.018750 0.037500
0 0.737240 0.037500 0.026562 0.044444