0 0.136198 0.987963 0.021875 0.023148
0 0.003125 0.983102 0.006250 0.031944
0 0.235677 0.923380 0.017188 0.019907
0 0.263672 0.937731 0.033073 0.056019
0 0.324609 0.911111 0.018490 0.025926
0 0.224219 0.837269 0.008854 0.016204
0 0.202995 0.850463 0.028906 0.043519
0 0.248828 0.825694 0.026823 0.038426
0 0.306380 0.803472 0.025260 0.031019
0 0.610156 0.684028 0.023958 0.031019
0 0.050260 0.634491 0.017188 0.066204
0 0.269792 0.461343 0.026562 0.046759
0 0.093099 0.434722 0.023177 0.026852
0 0.326562 0.372222 0.014063 0.036111
0 0.536589 0.364120 0.023698 0.033796
0 0.342708 0.300926 0.019271 0.050926
0 0.524479 0.010880 0.014063 0.021759