0 0.758854 0.975231 0.025521 0.049537
0 0.094141 0.945602 0.020573 0.036574
0 0.218750 0.930787 0.006250 0.010648
0 0.228906 0.914352 0.036458 0.032407
0 0.830729 0.828009 0.019271 0.045833
0 0.301432 0.792130 0.030990 0.038889
0 0.437760 0.780787 0.017188 0.033796
0 0.065104 0.768519 0.013021 0.023148
0 0.352214 0.767593 0.022656 0.025926
0 0.930599 0.711343 0.020052 0.043056
0 0.734766 0.697454 0.012760 0.020833
0 0.494922 0.704861 0.013802 0.043981
0 0.338542 0.672685 0.024479 0.030556
0 0.392839 0.663426 0.036719 0.032407
0 0.976562 0.513194 0.011979 0.031944
0 0.827865 0.488194 0.017188 0.053241
0 0.630859 0.413657 0.028385 0.031019
0 0.135677 0.341204 0.022917 0.025926
0 0.088672 0.344907 0.015365 0.039815
0 0.276823 0.323843 0.019792 0.028241
0 0.979557 0.309028 0.022135 0.022685
0 0.222266 0.325231 0.016927 0.065278
0 0.337240 0.290278 0.021354 0.019444
0 0.852865 0.280093 0.022917 0.033333
0 0.107031 0.221528 0.007812 0.013426
0 0.898307 0.215278 0.019010 0.041667
0 0.059766 0.209954 0.029427 0.045833
0 0.522135 0.179630 0.023958 0.026852
0 0.226953 0.155324 0.017448 0.031019
0 0.688542 0.144444 0.022917 0.036111
0 0.324219 0.126620 0.014063 0.043056
0 0.598177 0.131713 0.017708 0.054167
0 0.405339 0.098148 0.012760 0.031481
0 0.349609 0.089120 0.013281 0.048611
0 0.347396 0.059259 0.005729 0.012037
0 0.699740 0.058796 0.020833 0.046296
0 0.532943 0.048380 0.016927 0.043981
0 0.448047 0.031250 0.013281 0.031019
0 0.560547 0.025231 0.022656 0.028241