0 0.873437 0.989815 0.021875 0.019444
0 0.851432 0.917361 0.020573 0.049537
0 0.769010 0.886343 0.008854 0.053241
0 0.781771 0.873380 0.015104 0.053241
0 0.310937 0.843056 0.021354 0.055556
0 0.771875 0.813426 0.006771 0.012037
0 0.613281 0.799537 0.027083 0.032407
0 0.377995 0.649306 0.023177 0.031019
0 0.730729 0.641204 0.027083 0.110185
0 0.812760 0.556713 0.014583 0.038426
0 0.592969 0.492361 0.018750 0.047685
0 0.988281 0.459028 0.022396 0.038426
0 0.516146 0.460417 0.019271 0.044907
0 0.656901 0.405324 0.026823 0.035648
0 0.714714 0.388194 0.013281 0.033796
0 0.748958 0.293056 0.020313 0.036111
0 0.425781 0.116204 0.022396 0.039815