0 0.137760 0.995602 0.011979 0.008796
0 0.349870 0.983102 0.014323 0.031944
0 0.419010 0.945139 0.013021 0.012500
0 0.508594 0.883102 0.010937 0.019907
0 0.360156 0.883565 0.010937 0.026389
0 0.003776 0.809722 0.007552 0.031481
0 0.497917 0.805324 0.018229 0.067130
0 0.054818 0.778241 0.030469 0.077778
0 0.014193 0.720139 0.016406 0.032870
0 0.269922 0.711806 0.024740 0.035648
0 0.329557 0.643056 0.044010 0.090741
0 0.499740 0.592361 0.020313 0.026389
0 0.926953 0.580093 0.021094 0.019444
0 0.982812 0.571528 0.010937 0.059722
0 0.516927 0.448148 0.025521 0.017593
0 0.721354 0.427778 0.014063 0.025000
0 0.110156 0.366204 0.028646 0.037963
0 0.804557 0.365278 0.014844 0.045370
0 0.282031 0.355787 0.027083 0.038426
0 0.366797 0.277315 0.020052 0.049074
0 0.895443 0.266898 0.030990 0.034722
0 0.810677 0.197685 0.028125 0.043519
0 0.151172 0.194676 0.017969 0.038426
0 0.056250 0.205556 0.027083 0.084259
0 0.430469 0.150231 0.017188 0.031944
0 0.686719 0.153009 0.030208 0.047685
0 0.331120 0.156250 0.032552 0.082870
0 0.584115 0.015509 0.030208 0.029167