0 0.489063 0.848611 0.005729 0.011111
0 0.942187 0.855324 0.006771 0.028241
0 0.752474 0.814815 0.015365 0.016667
0 0.898438 0.766435 0.008854 0.033796
0 0.802734 0.732176 0.021615 0.023611
0 0.069141 0.581713 0.016406 0.038426
0 0.558854 0.516435 0.040104 0.021759
0 0.835417 0.423148 0.011979 0.037037
0 0.485417 0.412037 0.017708 0.018519
0 0.120703 0.407639 0.016927 0.049537
0 0.483984 0.351620 0.018490 0.018056
0 0.712630 0.314815 0.016406 0.016667
0 0.475260 0.290046 0.013542 0.017130
0 0.272266 0.282639 0.028385 0.038426
0 0.591927 0.237037 0.020833 0.015741
0 0.279036 0.200000 0.010677 0.034259
0 0.008854 0.161343 0.014583 0.038426
0 0.849479 0.144444 0.019271 0.020370
0 0.767057 0.105787 0.026823 0.026389
0 0.613021 0.097917 0.027604 0.026389
0 0.889714 0.066435 0.004948 0.013426
0 0.595443 0.047917 0.016406 0.016204
0 0.750260 0.020139 0.010417 0.040278
0 0.337370 0.004630 0.014323 0.009259