0 0.904427 0.991204 0.017708 0.015741
0 0.608073 0.976852 0.013021 0.021296
0 0.032552 0.970370 0.012500 0.014815
0 0.658464 0.915046 0.010677 0.017130
0 0.260677 0.914815 0.015625 0.021296
0 0.485417 0.919676 0.014063 0.031944
0 0.781120 0.906713 0.015365 0.029167
0 0.918620 0.880324 0.012760 0.018981
0 0.283594 0.879630 0.019792 0.024074
0 0.833073 0.854167 0.022917 0.030556
0 0.437240 0.853241 0.031250 0.031481
0 0.899219 0.833565 0.025521 0.035648
0 0.385937 0.828241 0.020833 0.028704
0 0.924479 0.813889 0.009375 0.012963
0 0.409375 0.791435 0.011458 0.020833
0 0.531120 0.766898 0.008073 0.014352
0 0.966797 0.771065 0.014323 0.031019
0 0.653516 0.705787 0.007031 0.012500
0 0.732422 0.658333 0.010677 0.016667
0 0.664583 0.637500 0.008333 0.017593
0 0.253516 0.627315 0.019010 0.037037
0 0.794271 0.611343 0.006771 0.012500
0 0.626953 0.587963 0.023698 0.026852
0 0.701562 0.583102 0.010937 0.027315
0 0.832422 0.560880 0.014844 0.021759
0 0.862760 0.523148 0.011979 0.016667
0 0.755208 0.518519 0.009896 0.021296
0 0.820573 0.487269 0.014063 0.021759
0 0.173177 0.473843 0.014063 0.022685
0 0.926823 0.440278 0.017708 0.043519
0 0.948047 0.400231 0.010677 0.016204
0 0.558594 0.367593 0.008854 0.027778
0 0.363151 0.347685 0.013802 0.053704
0 0.959766 0.328241 0.013802 0.017593
0 0.319141 0.313426 0.014323 0.031481
0 0.728646 0.275926 0.012500 0.028704
0 0.109635 0.270370 0.016146 0.028704
0 0.748958 0.242824 0.016146 0.040278
0 0.103125 0.155787 0.021875 0.024537
0 0.862240 0.117824 0.034375 0.053241