0 0.863021 0.981944 0.019792 0.036111
0 0.178516 0.919444 0.018490 0.038889
0 0.544792 0.870833 0.015625 0.032407
0 0.096094 0.823380 0.014063 0.024537
0 0.227995 0.779630 0.019010 0.029630
0 0.123307 0.735417 0.019010 0.032870
0 0.906510 0.731250 0.035937 0.048611
0 0.191276 0.721065 0.022135 0.039352
0 0.272526 0.711111 0.020052 0.039815
0 0.694792 0.678472 0.028646 0.046759
0 0.508854 0.649074 0.024479 0.040741
0 0.197266 0.626620 0.032552 0.078241
0 0.242969 0.573611 0.026562 0.040741
0 0.675781 0.500000 0.021875 0.037037
0 0.424089 0.452546 0.013802 0.024537
0 0.956120 0.452315 0.019010 0.025926
0 0.710286 0.452315 0.024740 0.043519
0 0.015495 0.442361 0.023177 0.043056
0 0.442969 0.406250 0.023438 0.050463
0 0.910547 0.394676 0.020052 0.035648
0 0.702083 0.381250 0.013021 0.023611
0 0.476172 0.332407 0.008594 0.015741
0 0.050651 0.335417 0.021615 0.041204
0 0.310937 0.275231 0.025000 0.043981
0 0.098828 0.276620 0.025781 0.046759
0 0.316667 0.255093 0.005729 0.010185
0 0.132552 0.248611 0.023958 0.033333
0 0.812630 0.245833 0.030990 0.039815
0 0.385547 0.175000 0.024219 0.041667
0 0.077083 0.169213 0.032813 0.050463
0 0.488021 0.102315 0.023958 0.041667
0 0.645312 0.084028 0.017708 0.051389
0 0.558203 0.068519 0.025781 0.031481
0 0.808854 0.072454 0.030208 0.044907