0 0.312630 0.990278 0.009635 0.018519
0 0.806510 0.934259 0.018229 0.045370
0 0.572656 0.784491 0.018750 0.038426
0 0.059505 0.748843 0.021094 0.019907
0 0.698307 0.740046 0.029427 0.036574
0 0.762630 0.712037 0.019010 0.042593
0 0.977865 0.617593 0.019792 0.039815
0 0.280990 0.596528 0.026042 0.025463
0 0.024219 0.599537 0.009375 0.034259
0 0.329818 0.568750 0.026823 0.033796
0 0.651563 0.566204 0.021875 0.038889
0 0.386589 0.541898 0.032552 0.031019
0 0.702734 0.540972 0.016406 0.041204
0 0.996745 0.531713 0.005990 0.035648
0 0.127604 0.523611 0.012500 0.022222
0 0.332943 0.510417 0.027344 0.026389
0 0.797135 0.501620 0.023958 0.056019
0 0.673828 0.485185 0.025781 0.037963
0 0.234896 0.478935 0.015104 0.050463
0 0.288411 0.444213 0.008073 0.021759
0 0.994922 0.431250 0.009635 0.031944
0 0.690625 0.394444 0.017708 0.036111
0 0.396224 0.380093 0.024740 0.034259
0 0.772135 0.356713 0.023958 0.036574
0 0.055599 0.210880 0.021094 0.019907
0 0.431901 0.077315 0.014844 0.037963
0 0.902083 0.065741 0.018750 0.033333
0 0.245443 0.066204 0.027865 0.035185
0 0.161458 0.050463 0.019792 0.020370
0 0.774089 0.055787 0.018490 0.038426