0 0.298047 0.995602 0.010156 0.007870
0 0.370573 0.992593 0.010417 0.014815
0 0.264583 0.978704 0.009375 0.018519
0 0.093750 0.976620 0.010937 0.020833
0 0.423177 0.941667 0.011458 0.025000
0 0.558724 0.935417 0.009115 0.016204
0 0.245703 0.923380 0.010156 0.021759
0 0.140234 0.914352 0.009635 0.018519
0 0.225651 0.875000 0.007552 0.015741
0 0.121354 0.860185 0.009896 0.018519
0 0.249609 0.868750 0.024219 0.045833
0 0.594010 0.879861 0.048438 0.069907
0 0.322266 0.890509 0.036719 0.093981
0 0.215234 0.832176 0.010677 0.020833
0 0.517578 0.820833 0.016927 0.034259
0 0.278385 0.790046 0.013021 0.015278
0 0.195052 0.778241 0.010417 0.020370
0 0.203516 0.732176 0.019010 0.030093
0 0.180339 0.727083 0.011198 0.024537
0 0.347005 0.715509 0.009115 0.024537
0 0.069661 0.693056 0.009115 0.014815
0 0.555859 0.700000 0.016927 0.033333
0 0.250130 0.688194 0.012240 0.018981
0 0.550130 0.679167 0.037760 0.041667
0 0.301042 0.633333 0.007292 0.013889
0 0.491146 0.590509 0.007812 0.013426
0 0.507161 0.585880 0.047656 0.071759
0 0.019792 0.553241 0.007292 0.014815
0 0.077734 0.487500 0.007552 0.015741
0 0.200651 0.477083 0.012760 0.025463
0 0.384766 0.394213 0.009115 0.016204
0 0.043490 0.370370 0.014583 0.022222
0 0.005859 0.345602 0.007552 0.013426
0 0.309375 0.238426 0.007812 0.013889
0 0.268099 0.122917 0.012240 0.018981
0 0.206120 0.076852 0.009115 0.015741