0 0.936719 0.993519 0.017708 0.012037
0 0.339453 0.984491 0.014323 0.030093
0 0.132943 0.968056 0.012760 0.023148
0 0.708203 0.943750 0.010677 0.021759
0 0.327214 0.943519 0.013281 0.025926
0 0.330078 0.862037 0.018490 0.024074
0 0.221094 0.855093 0.017188 0.020370
0 0.053516 0.869213 0.021094 0.055093
0 0.932161 0.842593 0.012760 0.016667
0 0.995443 0.817361 0.008594 0.017130
0 0.361198 0.811806 0.010417 0.022685
0 0.972135 0.789120 0.013542 0.019907
0 0.721354 0.744907 0.016667 0.037037
0 0.256250 0.737269 0.017708 0.035648
0 0.276172 0.728704 0.016406 0.028704
0 0.367057 0.584491 0.014323 0.029167
0 0.429036 0.579167 0.019010 0.042593
0 0.353255 0.538426 0.013802 0.026852
0 0.138802 0.531250 0.018750 0.038426
0 0.187891 0.488426 0.009635 0.014815
0 0.241927 0.420833 0.009375 0.017593
0 0.395833 0.380787 0.016146 0.027315
0 0.132161 0.366898 0.014323 0.029167
0 0.255599 0.236806 0.011198 0.019907
0 0.172396 0.228241 0.044271 0.058333
0 0.275911 0.193750 0.015885 0.030093
0 0.036979 0.103472 0.014063 0.032870
0 0.562891 0.093056 0.014844 0.017593
0 0.363281 0.096528 0.009896 0.030093
0 0.277604 0.086111 0.013021 0.024074
0 0.471615 0.067361 0.014063 0.025463
0 0.033203 0.063657 0.017448 0.027315