0 0.689323 0.908102 0.007812 0.019907
0 0.156250 0.900463 0.008854 0.015741
0 0.030469 0.898611 0.008854 0.015741
0 0.808073 0.882870 0.014063 0.014815
0 0.822266 0.878935 0.008073 0.026389
0 0.800521 0.788194 0.014063 0.013426
0 0.564323 0.748611 0.007812 0.017593
0 0.587109 0.663889 0.008594 0.016667
0 0.801823 0.657176 0.010417 0.010648
0 0.481771 0.654167 0.007292 0.014815
0 0.722917 0.634028 0.010937 0.013426
0 0.419271 0.626852 0.006771 0.012037
0 0.498698 0.588426 0.007292 0.014815
0 0.670964 0.591667 0.065365 0.072222
0 0.441406 0.548611 0.009375 0.017593
0 0.660417 0.522222 0.016146 0.028704
0 0.331641 0.508565 0.008594 0.015278
0 0.214714 0.482639 0.010156 0.019907
0 0.682031 0.453009 0.005729 0.009722
0 0.375130 0.447222 0.008073 0.014815
0 0.736068 0.395833 0.007031 0.012037
0 0.341927 0.370602 0.015104 0.018056
0 0.324870 0.290278 0.005990 0.013889
0 0.772135 0.288426 0.006771 0.012037
0 0.742318 0.262269 0.008073 0.014352
0 0.712630 0.235417 0.008073 0.013426
0 0.982943 0.231019 0.007552 0.017593
0 0.830078 0.223148 0.009635 0.012037
0 0.480599 0.209259 0.007552 0.012963
0 0.713411 0.213889 0.008073 0.023148
0 0.297135 0.176389 0.009896 0.024074
0 0.543620 0.168287 0.007031 0.013426
0 0.132161 0.161574 0.006510 0.016667
0 0.451172 0.158333 0.009115 0.021296
0 0.723047 0.138889 0.023698 0.025926
0 0.117969 0.128009 0.004167 0.006944
0 0.977474 0.115046 0.007031 0.012500
0 0.183724 0.113889 0.007552 0.016667
0 0.668750 0.111343 0.011979 0.015278
0 0.656380 0.109259 0.007031 0.012963
0 0.360807 0.005787 0.009635 0.011574