0 0.170703 0.948611 0.017448 0.017593
0 0.064583 0.921065 0.026042 0.029167
0 0.140104 0.881944 0.012500 0.037037
0 0.007812 0.759259 0.015625 0.035185
0 0.626823 0.706019 0.021875 0.024074
0 0.491146 0.606481 0.034896 0.051852
0 0.884766 0.577083 0.027865 0.027315
0 0.282552 0.528704 0.038021 0.035185
0 0.354297 0.528704 0.016406 0.058333
0 0.384115 0.510880 0.013542 0.034722
0 0.793750 0.487269 0.029687 0.033796
0 0.941016 0.453472 0.012240 0.048611
0 0.379297 0.410648 0.014323 0.037037
0 0.138411 0.398380 0.007552 0.013426
0 0.160286 0.419213 0.018490 0.056944
0 0.483984 0.402778 0.030469 0.046296
0 0.721354 0.294444 0.022396 0.025926
0 0.808984 0.046991 0.027344 0.041204
0 0.368229 0.035185 0.057292 0.070370