0 0.996615 0.980787 0.006250 0.032870
0 0.937240 0.974769 0.015104 0.040278
0 0.779557 0.690741 0.019531 0.051852
0 0.870182 0.601389 0.011198 0.026852
0 0.903516 0.600926 0.022135 0.030556
0 0.666146 0.586574 0.017188 0.020370
0 0.949219 0.560185 0.019792 0.025926
0 0.773698 0.562731 0.023438 0.067130
0 0.871484 0.532407 0.025260 0.032407
0 0.809245 0.523380 0.024219 0.029167
0 0.901172 0.478241 0.037240 0.046296
0 0.202083 0.434028 0.023958 0.031019
0 0.259766 0.426157 0.017448 0.026389
0 0.138281 0.429861 0.026562 0.034722
0 0.312500 0.382870 0.018750 0.056481
0 0.434245 0.289120 0.019531 0.048611
0 0.230208 0.261111 0.022396 0.035185
0 0.490495 0.232407 0.027865 0.035185
0 0.144401 0.201389 0.022656 0.027778
0 0.429688 0.170139 0.027083 0.037500
0 0.801042 0.088194 0.023958 0.031944
0 0.718880 0.065046 0.019010 0.023611
0 0.521875 0.065509 0.028646 0.032870
0 0.036458 0.030093 0.013542 0.019444
0 0.854167 0.015046 0.023958 0.023611
0 0.891016 0.009722 0.016927 0.019444