0 0.850391 0.984491 0.035156 0.030093
0 0.497526 0.931250 0.036198 0.068056
0 0.432422 0.925694 0.025260 0.057870
0 0.773438 0.865972 0.010417 0.034722
0 0.851562 0.842361 0.027604 0.038426
0 0.209635 0.806944 0.022917 0.055556
0 0.891667 0.773611 0.026562 0.037963
0 0.542839 0.755324 0.029948 0.052315
0 0.234375 0.669907 0.019271 0.041667
0 0.957812 0.659028 0.017708 0.037500
0 0.352604 0.574306 0.029167 0.048611
0 0.591927 0.584028 0.032292 0.073611
0 0.157943 0.525463 0.022135 0.038889
0 0.226432 0.469444 0.010677 0.043519
0 0.855078 0.454167 0.017969 0.030556
0 0.143099 0.434259 0.027344 0.027778
0 0.219271 0.408565 0.021354 0.040278
0 0.574089 0.396528 0.022656 0.031944
0 0.979167 0.380556 0.020313 0.035185
0 0.707031 0.346296 0.023438 0.048148
0 0.887370 0.334259 0.024740 0.032407
0 0.637370 0.259954 0.026823 0.031944
0 0.951693 0.247222 0.028385 0.041667
0 0.341276 0.236574 0.016406 0.031481
0 0.442057 0.196296 0.020052 0.025000
0 0.594141 0.195833 0.025781 0.037963
0 0.995703 0.187963 0.008073 0.035185
0 0.376042 0.164815 0.015625 0.042593
0 0.631901 0.124306 0.019531 0.034722
0 0.459766 0.026389 0.018490 0.023148
0 0.750260 0.006250 0.011458 0.012500