0 0.845964 0.987037 0.007031 0.012037
0 0.838411 0.957407 0.026302 0.085185
0 0.782161 0.910417 0.019531 0.037500
0 0.192448 0.797222 0.010417 0.017593
0 0.176823 0.794213 0.013542 0.024537
0 0.075000 0.791435 0.015104 0.018981
0 0.083203 0.766204 0.014844 0.019444
0 0.538021 0.708565 0.013542 0.031019
0 0.161068 0.683565 0.021615 0.022685
0 0.668099 0.687500 0.012240 0.034259
0 0.117057 0.671065 0.013802 0.035648
0 0.602083 0.648148 0.025521 0.050000
0 0.675521 0.597454 0.004687 0.018056
0 0.599479 0.562963 0.030208 0.023148
0 0.261198 0.446759 0.015625 0.022222
0 0.029036 0.400926 0.017969 0.020370
0 0.842578 0.402315 0.021094 0.028704
0 0.789974 0.388194 0.012760 0.027315
0 0.223047 0.158565 0.015365 0.020833
0 0.671615 0.134028 0.010417 0.030093
0 0.684635 0.102083 0.026042 0.034722
0 0.805859 0.090741 0.023698 0.032407
0 0.357161 0.076852 0.017448 0.030556
0 0.177214 0.069676 0.016927 0.031944
0 0.160156 0.051620 0.015104 0.022685