0 0.018490 0.961574 0.010937 0.029630
0 0.647917 0.932639 0.017188 0.032870
0 0.630078 0.933796 0.013802 0.037037
0 0.465495 0.925000 0.012240 0.032407
0 0.587500 0.899537 0.019271 0.022222
0 0.344531 0.903241 0.009896 0.029630
0 0.426302 0.891435 0.016667 0.012500
0 0.310547 0.895602 0.020052 0.025463
0 0.713542 0.880787 0.016667 0.026389
0 0.191667 0.890741 0.019271 0.053704
0 0.386328 0.868056 0.022135 0.015741
0 0.263672 0.866898 0.021094 0.026389
0 0.566797 0.856481 0.026302 0.023148
0 0.667188 0.847685 0.010937 0.037963
0 0.720052 0.840509 0.014063 0.033796
0 0.310286 0.762731 0.017448 0.023611
0 0.172396 0.761343 0.022917 0.031019
0 0.097266 0.761343 0.013802 0.031019
0 0.813542 0.742361 0.016146 0.015278
0 0.990495 0.734491 0.018490 0.037500
0 0.697786 0.633333 0.008594 0.027778
0 0.451562 0.631481 0.024479 0.031481
0 0.389974 0.634722 0.011719 0.045370
0 0.619010 0.599074 0.014583 0.033333
0 0.246354 0.584954 0.015104 0.038426
0 0.961328 0.583102 0.015885 0.040278
0 0.979818 0.569213 0.018490 0.030093
0 0.337500 0.563889 0.021354 0.025000
0 0.536068 0.547685 0.017448 0.018519
0 0.489323 0.544907 0.019271 0.015741
0 0.300781 0.546528 0.016667 0.022685
0 0.810937 0.549769 0.021354 0.032870
0 0.537109 0.516204 0.018490 0.019444
0 0.351302 0.501157 0.017188 0.042130
0 0.821094 0.478241 0.004687 0.011111
0 0.274609 0.461806 0.029427 0.033796
0 0.152995 0.433565 0.019531 0.026389
0 0.757422 0.430093 0.010156 0.036111
0 0.556641 0.417593 0.008073 0.026852
0 0.130469 0.382870 0.017188 0.025000
0 0.080469 0.377083 0.018229 0.022685
0 0.736849 0.362963 0.011198 0.036111
0 0.751693 0.352778 0.005990 0.032407
0 0.961719 0.355093 0.014063 0.041667
0 0.061198 0.297685 0.024479 0.032407
0 0.028646 0.270602 0.022396 0.031019
0 0.719661 0.247222 0.011198 0.035185
0 0.319922 0.216435 0.017448 0.021759
0 0.428646 0.223611 0.012500 0.038889
0 0.503255 0.170139 0.017969 0.016204
0 0.586198 0.163426 0.013542 0.031481
0 0.468750 0.130093 0.014063 0.037037
0 0.696354 0.076852 0.014063 0.032407
0 0.702083 0.033333 0.020313 0.024074