0 0.301563 0.934722 0.018229 0.027778
0 0.731901 0.831713 0.008594 0.015278
0 0.994141 0.810880 0.011719 0.020833
0 0.758984 0.786111 0.064323 0.025926
0 0.797005 0.770602 0.004427 0.007870
0 0.340885 0.716435 0.015625 0.027315
0 0.056120 0.643981 0.009635 0.016667
0 0.921224 0.641204 0.012760 0.022222
0 0.918620 0.601157 0.007552 0.013426
0 0.444531 0.571296 0.014583 0.025926
0 0.260417 0.553009 0.019271 0.033796
0 0.422526 0.533796 0.008073 0.015741
0 0.991927 0.534259 0.015625 0.050000
0 0.247526 0.501157 0.013802 0.023611
0 0.430859 0.503009 0.020573 0.043981
0 0.817187 0.434028 0.024479 0.051389
0 0.465495 0.414815 0.005990 0.012963
0 0.764193 0.352778 0.009115 0.016667
0 0.776693 0.333565 0.010156 0.017130
0 0.265365 0.206250 0.013021 0.024537
0 0.285547 0.195833 0.011198 0.022222
0 0.277604 0.171065 0.010417 0.019907
0 0.929818 0.154861 0.017448 0.028241
0 0.099089 0.178472 0.044531 0.078241
0 0.956250 0.125231 0.018750 0.027315
0 0.858854 0.112269 0.007812 0.014352
0 0.830208 0.101157 0.013542 0.035648
0 0.908203 0.063657 0.008073 0.014352