0 0.071354 0.993519 0.010417 0.012037
0 0.831901 0.982176 0.025260 0.034722
0 0.038281 0.969676 0.018229 0.031944
0 0.997266 0.663426 0.005469 0.031481
0 0.924870 0.661806 0.017448 0.042130
0 0.450130 0.642361 0.008073 0.015278
0 0.403776 0.643519 0.017448 0.044444
0 0.628255 0.620833 0.029948 0.026852
0 0.343099 0.607639 0.023698 0.023611
0 0.466146 0.610417 0.026562 0.037500
0 0.234115 0.588889 0.025521 0.039815
0 0.040234 0.573611 0.033073 0.029630
0 0.286979 0.556481 0.024479 0.029630
0 0.582422 0.555556 0.023698 0.028704
0 0.814714 0.556481 0.020052 0.049074
0 0.917057 0.491204 0.019010 0.032407
0 0.121875 0.462963 0.013021 0.037037
0 0.499089 0.454861 0.025260 0.051389
0 0.099349 0.404861 0.015365 0.035648
0 0.261719 0.335417 0.030729 0.041204
0 0.817578 0.141435 0.030469 0.030093
0 0.253646 0.121759 0.010937 0.012037
0 0.964453 0.107870 0.027865 0.031481
0 0.994792 0.106713 0.010417 0.036574
0 0.358333 0.081713 0.032292 0.032870
0 0.154427 0.088889 0.021354 0.068519