0 0.031120 0.978009 0.009115 0.016204
0 0.263542 0.963889 0.014583 0.027778
0 0.362109 0.934722 0.008073 0.014815
0 0.696875 0.928472 0.013542 0.029167
0 0.291276 0.918981 0.017969 0.033333
0 0.091797 0.910417 0.023698 0.026389
0 0.220703 0.861343 0.016927 0.019907
0 0.354427 0.845602 0.007292 0.018981
0 0.382031 0.810185 0.017188 0.019444
0 0.005599 0.779630 0.011198 0.022222
0 0.397526 0.770602 0.009115 0.016204
0 0.320312 0.765509 0.011979 0.030093
0 0.213411 0.755556 0.006510 0.023148
0 0.018750 0.726620 0.017708 0.027315
0 0.493099 0.722454 0.028906 0.043981
0 0.560286 0.716898 0.012240 0.033796
0 0.589844 0.670833 0.008854 0.010185
0 0.054297 0.592593 0.012760 0.028704
0 0.212500 0.557176 0.009375 0.016204
0 0.671745 0.534028 0.012760 0.031019
0 0.271615 0.502315 0.021875 0.026852
0 0.189714 0.491667 0.015365 0.036111
0 0.358073 0.469907 0.015625 0.022222
0 0.247005 0.441204 0.010156 0.012963
0 0.585938 0.429630 0.006250 0.013889
0 0.427865 0.421296 0.014583 0.020370
0 0.214974 0.410417 0.017448 0.029167
0 0.475000 0.397685 0.011979 0.018519
0 0.399219 0.380556 0.012500 0.034259
0 0.497786 0.353704 0.020052 0.025926
0 0.639974 0.280556 0.010677 0.034259
0 0.079167 0.229398 0.015104 0.035648
0 0.586458 0.220833 0.014583 0.038889
0 0.150000 0.186806 0.007292 0.017130
0 0.241797 0.155556 0.023177 0.025926
0 0.345052 0.140278 0.011458 0.020370
0 0.364714 0.129630 0.012760 0.016667
0 0.213932 0.117593 0.013802 0.036111
0 0.238542 0.107407 0.019792 0.020370
0 0.054818 0.109491 0.020573 0.031019
0 0.271094 0.099537 0.009375 0.012963
0 0.484635 0.098148 0.019792 0.023148
0 0.351432 0.066667 0.009635 0.011111
0 0.011068 0.042130 0.014323 0.020370