0 0.296615 0.980324 0.027604 0.035648
0 0.252995 0.872454 0.024219 0.031944
0 0.904297 0.863889 0.016406 0.046296
0 0.202214 0.732176 0.023177 0.033796
0 0.211849 0.667593 0.030990 0.042593
0 0.780339 0.651852 0.008073 0.016667
0 0.129167 0.649537 0.026562 0.039815
0 0.892318 0.568056 0.015365 0.037963
0 0.511458 0.465046 0.053646 0.132870
0 0.777083 0.411806 0.025000 0.034722
0 0.977474 0.400694 0.014844 0.037500
0 0.004036 0.306713 0.007552 0.027315
0 0.981771 0.283565 0.016667 0.039352
0 0.511328 0.285185 0.042448 0.080556
0 0.008333 0.247222 0.016146 0.052778
0 0.598698 0.315972 0.118229 0.243981