0 0.646094 0.988657 0.013542 0.021759
0 0.339714 0.962269 0.020052 0.028241
0 0.727214 0.965741 0.019010 0.041667
0 0.545833 0.906713 0.010417 0.028241
0 0.939323 0.869907 0.014063 0.034259
0 0.791667 0.860648 0.017188 0.042593
0 0.117188 0.838657 0.019271 0.034722
0 0.090885 0.828241 0.014063 0.033333
0 0.199089 0.787037 0.023177 0.032407
0 0.884115 0.766204 0.014063 0.037963
0 0.145833 0.718056 0.030729 0.030556
0 0.046354 0.712731 0.026562 0.035648
0 0.310677 0.696528 0.020313 0.022685
0 0.183984 0.703241 0.023698 0.096296
0 0.671615 0.653935 0.033854 0.039352
0 0.422135 0.648611 0.012500 0.032407
0 0.447917 0.634954 0.022917 0.028241
0 0.266667 0.619907 0.010417 0.039815
0 0.863151 0.520602 0.013802 0.033796
0 0.821484 0.514583 0.011719 0.031944
0 0.057682 0.499074 0.012240 0.027778
0 0.726432 0.489815 0.017448 0.043519
0 0.866146 0.448843 0.013542 0.023611
0 0.941146 0.414120 0.020313 0.025463
0 0.908854 0.406713 0.013542 0.024537
0 0.145182 0.397222 0.013281 0.025926
0 0.786719 0.390278 0.014583 0.021296
0 0.476823 0.361574 0.016146 0.035185
0 0.189844 0.343981 0.019271 0.030556
0 0.228516 0.331019 0.018490 0.019444
0 0.311979 0.330787 0.014583 0.026389
0 0.260156 0.323148 0.019792 0.015741
0 0.592839 0.308796 0.023177 0.031481
0 0.326562 0.283102 0.011458 0.025463
0 0.366667 0.268287 0.018229 0.024537
0 0.306901 0.261111 0.014844 0.040741
0 0.395052 0.140741 0.016146 0.017593
0 0.736068 0.144444 0.014844 0.037037
0 0.764714 0.130324 0.025781 0.029167
0 0.834115 0.150926 0.025000 0.107407
0 0.036979 0.089583 0.016667 0.023611
0 0.298958 0.083796 0.018229 0.025000
0 0.917057 0.063657 0.020573 0.019907
0 0.843490 0.062500 0.018750 0.025926
0 0.881380 0.047454 0.016927 0.028241
0 0.172917 0.041898 0.026042 0.031019
0 0.418359 0.035417 0.017969 0.019907
0 0.009635 0.040046 0.019271 0.032870
0 0.915495 0.012500 0.016406 0.025000