0 0.146224 0.969444 0.013802 0.020370
0 0.807943 0.972222 0.023177 0.026852
0 0.155469 0.929398 0.017708 0.023611
0 0.172786 0.921991 0.010677 0.027315
0 0.940495 0.913426 0.013802 0.028704
0 0.318750 0.902778 0.014583 0.039815
0 0.467578 0.844444 0.015885 0.050000
0 0.484766 0.822222 0.011719 0.021296
0 0.871745 0.759722 0.010677 0.037963
0 0.450260 0.748380 0.014063 0.026389
0 0.654297 0.748843 0.022135 0.031019
0 0.736328 0.708102 0.033594 0.024537
0 0.800781 0.693287 0.020833 0.026389
0 0.652214 0.675463 0.021094 0.027778
0 0.076823 0.672685 0.014063 0.028704
0 0.898958 0.652083 0.020313 0.026389
0 0.073828 0.601852 0.015365 0.041667
0 0.806641 0.590972 0.013281 0.023611
0 0.092578 0.591667 0.013802 0.036111
0 0.450911 0.581944 0.010677 0.041667
0 0.290755 0.545370 0.020573 0.023148
0 0.247266 0.526157 0.014844 0.040278
0 0.921224 0.529167 0.022135 0.048148
0 0.883464 0.522917 0.023698 0.047685
0 0.377604 0.507176 0.018229 0.021759
0 0.442188 0.478472 0.017708 0.020833
0 0.376172 0.479167 0.022135 0.023148
0 0.413932 0.456944 0.013802 0.029630
0 0.441146 0.452546 0.019792 0.021759
0 0.652995 0.412963 0.014844 0.030556
0 0.983073 0.412731 0.018229 0.038426
0 0.031771 0.396759 0.025521 0.033333
0 0.696875 0.380093 0.021875 0.030556
0 0.788932 0.353009 0.022135 0.032870
0 0.994401 0.314815 0.010677 0.018519
0 0.581380 0.316898 0.026823 0.035648
0 0.736979 0.305556 0.020833 0.034259
0 0.054818 0.297685 0.020052 0.024074
0 0.792318 0.290278 0.020573 0.037037
0 0.622266 0.264120 0.022656 0.031019
0 0.168750 0.248148 0.015625 0.023148
0 0.813021 0.243287 0.016667 0.034722
0 0.144010 0.224769 0.015104 0.020833
0 0.451953 0.195139 0.036719 0.025463
0 0.767839 0.193981 0.028906 0.056481
0 0.234896 0.146759 0.017708 0.025926
0 0.833594 0.143287 0.011458 0.023611
0 0.400130 0.136111 0.017448 0.022222
0 0.168099 0.100694 0.014323 0.022685
0 0.840625 0.074306 0.019271 0.025463
0 0.588802 0.066898 0.012500 0.037500
0 0.669010 0.043750 0.016667 0.030093
0 0.345443 0.028009 0.015365 0.019907
0 0.639323 0.023148 0.021354 0.028704
0 0.375651 0.012269 0.009115 0.022685
0 0.511589 0.017361 0.016406 0.033796