0 0.060156 0.994444 0.010937 0.009259
0 0.978385 0.988426 0.010417 0.018519
0 0.009766 0.967824 0.019531 0.033796
0 0.071745 0.928472 0.010156 0.018056
0 0.207161 0.916667 0.017448 0.019444
0 0.082943 0.907176 0.014323 0.018056
0 0.294792 0.906713 0.023438 0.030093
0 0.994531 0.886574 0.009896 0.027778
0 0.287630 0.867593 0.006510 0.034259
0 0.253255 0.815046 0.007552 0.017130
0 0.059766 0.760185 0.011198 0.031481
0 0.084115 0.749769 0.011458 0.033796
0 0.609896 0.733333 0.021875 0.031481
0 0.488281 0.716898 0.015104 0.018056
0 0.281510 0.718287 0.009896 0.032870
0 0.265495 0.702315 0.007552 0.025000
0 0.065365 0.670370 0.013021 0.033333
0 0.094271 0.656944 0.011458 0.020370
0 0.516797 0.636574 0.015365 0.014815
0 0.263151 0.637500 0.012240 0.041667
0 0.150130 0.590741 0.005469 0.021296
0 0.909115 0.569444 0.015625 0.028704
0 0.285026 0.559954 0.015365 0.029167
0 0.069922 0.555556 0.008073 0.032407
0 0.965234 0.490278 0.012240 0.021296
0 0.068620 0.482407 0.009115 0.031481
0 0.140495 0.455324 0.011198 0.031019
0 0.633333 0.460880 0.026562 0.046759
0 0.266536 0.448611 0.008594 0.028704
0 0.972266 0.435185 0.013281 0.025000
0 0.445833 0.424769 0.021875 0.020833
0 0.656250 0.421528 0.010937 0.037500
0 0.909635 0.409259 0.013542 0.020370
0 0.061458 0.411111 0.010417 0.028704
0 0.137630 0.383102 0.007552 0.021759
0 0.282161 0.370602 0.010156 0.026389
0 0.262760 0.351389 0.016146 0.023148
0 0.438281 0.295139 0.011458 0.010648
0 0.287240 0.276852 0.011458 0.029630
0 0.082552 0.273380 0.009896 0.029167
0 0.287109 0.197917 0.014323 0.016204
0 0.626172 0.181481 0.017448 0.036111
0 0.022005 0.177083 0.026302 0.028241
0 0.250651 0.158565 0.025260 0.022685
0 0.420573 0.147222 0.014063 0.015741
0 0.310547 0.125694 0.015365 0.015278
0 0.707292 0.102546 0.014063 0.012500
0 0.064453 0.108333 0.010156 0.031481
0 0.451432 0.103704 0.009115 0.034259
0 0.544141 0.095370 0.022135 0.024074
0 0.511979 0.064352 0.022917 0.017593
0 0.585677 0.063657 0.018229 0.020833
0 0.545703 0.061343 0.019010 0.020833
0 0.660937 0.050694 0.025521 0.025463
0 0.485938 0.051620 0.010417 0.034722
0 0.254167 0.024769 0.020313 0.022685
0 0.737630 0.010880 0.016406 0.012500