0 0.733594 0.984954 0.014063 0.027315
0 0.591016 0.982870 0.035677 0.034259
0 0.351823 0.974769 0.024479 0.050463
0 0.924870 0.929630 0.013281 0.021296
0 0.673828 0.930556 0.020573 0.045370
0 0.233854 0.922222 0.022396 0.030556
0 0.113151 0.826157 0.007552 0.013426
0 0.095443 0.807176 0.048177 0.043056
0 0.345052 0.759259 0.010937 0.018519
0 0.213021 0.750463 0.009896 0.014815
0 0.553516 0.752778 0.036719 0.058333
0 0.080208 0.737037 0.028125 0.041667
0 0.324219 0.724769 0.056250 0.053241
0 0.741927 0.723380 0.026562 0.052315
0 0.188542 0.621065 0.013021 0.024537
0 0.344661 0.606481 0.009115 0.025000
0 0.401042 0.601389 0.032813 0.033333
0 0.376172 0.590046 0.010156 0.018981
0 0.165885 0.589120 0.015104 0.027315
0 0.684896 0.591667 0.026042 0.044444
0 0.270573 0.577778 0.010417 0.018519
0 0.608854 0.561343 0.014583 0.030093
0 0.989583 0.521065 0.019271 0.040278
0 0.249870 0.414352 0.014323 0.017593
0 0.577865 0.412037 0.019792 0.028704
0 0.472917 0.358333 0.017188 0.025926
0 0.552865 0.351389 0.019792 0.025926
0 0.326823 0.329630 0.022396 0.021296
0 0.162630 0.313194 0.019531 0.023611
0 0.006380 0.307870 0.010156 0.026852
0 0.992057 0.313194 0.015885 0.046759
0 0.517708 0.302778 0.019271 0.028704
0 0.262370 0.294907 0.020052 0.023148
0 0.786849 0.287037 0.024219 0.022222
0 0.858984 0.270833 0.020052 0.026852
0 0.747526 0.266204 0.020573 0.029630
0 0.333984 0.242361 0.034635 0.019907
0 0.755078 0.230324 0.017969 0.016204
0 0.934375 0.202315 0.035417 0.033333
0 0.198698 0.186574 0.020833 0.019444
0 0.528646 0.093056 0.015104 0.041667
0 0.386068 0.051389 0.029948 0.029630
0 0.557292 0.018287 0.023958 0.030093
0 0.439063 0.004167 0.018750 0.007407
0 0.645182 0.004861 0.014323 0.009722