0 0.082422 0.896759 0.008594 0.018519
0 0.133854 0.567361 0.006250 0.015278
0 0.940755 0.556481 0.009635 0.015741
0 0.153125 0.544444 0.007292 0.015741
0 0.713151 0.528241 0.007031 0.015741
0 0.151172 0.514815 0.006510 0.015741
0 0.919141 0.480324 0.014844 0.023611
0 0.598568 0.475000 0.013281 0.029630
0 0.127344 0.446759 0.005729 0.015741
0 0.661198 0.449306 0.007812 0.026389
0 0.182552 0.440509 0.005729 0.015278
0 0.121875 0.391667 0.011979 0.013889
0 0.661589 0.382639 0.010677 0.051389
0 0.234375 0.333565 0.008854 0.016204
0 0.719271 0.337500 0.012500 0.025000
0 0.206641 0.323611 0.006510 0.015741
0 0.711979 0.308333 0.006771 0.012037
0 0.127734 0.272685 0.011198 0.013889
0 0.208724 0.257639 0.008594 0.016204
0 0.244531 0.247222 0.017188 0.030556
0 0.142839 0.221528 0.007031 0.015278