0 0.105599 0.628472 0.017969 0.018981
0 0.311589 0.617593 0.019531 0.038889
0 0.505599 0.620370 0.028385 0.060185
0 0.554427 0.566435 0.035417 0.056944
0 0.649609 0.544907 0.014323 0.014815
0 0.672656 0.465509 0.016146 0.030093
0 0.143099 0.399074 0.036198 0.032407
0 0.563542 0.371991 0.011458 0.024537
0 0.187630 0.374306 0.023698 0.038426
0 0.697135 0.356019 0.008333 0.030556
0 0.441276 0.340509 0.022656 0.029167
0 0.344922 0.249537 0.035677 0.053704
0 0.587630 0.239583 0.011719 0.038426
0 0.044401 0.148148 0.020052 0.036111
0 0.041276 0.033333 0.017448 0.016667
0 0.589453 0.034028 0.021615 0.034722
0 0.249740 0.023611 0.047917 0.047222