0 0.949609 0.991204 0.015365 0.015741
0 0.652214 0.972454 0.008594 0.026389
0 0.422526 0.947917 0.013281 0.023611
0 0.802995 0.954398 0.014844 0.041204
0 0.782031 0.915741 0.021875 0.029630
0 0.752734 0.901620 0.012760 0.045833
0 0.614844 0.887500 0.015625 0.027778
0 0.734635 0.797222 0.011979 0.029630
0 0.343620 0.771296 0.017448 0.029630
0 0.740885 0.735417 0.017708 0.041204
0 0.284896 0.680787 0.032813 0.048611
0 0.697526 0.675231 0.023698 0.047685
0 0.420964 0.657176 0.013281 0.023611
0 0.496484 0.631944 0.010677 0.019444
0 0.678385 0.623148 0.017708 0.048148
0 0.233464 0.574537 0.025781 0.050926
0 0.482031 0.545833 0.026042 0.045370
0 0.105339 0.520833 0.009635 0.018519
0 0.645573 0.530787 0.022396 0.043056
0 0.150651 0.512037 0.049219 0.095370
0 0.628646 0.471991 0.014063 0.025463
0 0.193099 0.426620 0.019010 0.031019
0 0.584245 0.390741 0.022135 0.035185
0 0.612630 0.399537 0.022656 0.054630
0 0.328516 0.349074 0.020573 0.031481
0 0.101302 0.304167 0.014583 0.033333
0 0.522917 0.249537 0.014583 0.027778
0 0.302214 0.244213 0.012240 0.030093
0 0.144531 0.225231 0.028125 0.068056
0 0.291016 0.191435 0.013281 0.023611
0 0.355990 0.183565 0.011458 0.028241
0 0.504167 0.175000 0.018229 0.035185
0 0.307552 0.138657 0.011979 0.020833
0 0.513151 0.101852 0.019010 0.029630
0 0.073047 0.072222 0.011198 0.030556
0 0.254948 0.045833 0.009896 0.031481
0 0.463932 0.025000 0.010677 0.034259