0 0.884505 0.988426 0.017969 0.022222
0 0.844922 0.937269 0.024740 0.046759
0 0.879427 0.910185 0.016667 0.043519
0 0.147656 0.887500 0.021354 0.051852
0 0.986979 0.879630 0.015625 0.040741
0 0.001563 0.865509 0.003125 0.024537
0 0.955469 0.857639 0.019271 0.034722
0 0.086458 0.830324 0.016667 0.042130
0 0.249479 0.818056 0.022396 0.058333
0 0.110286 0.797222 0.031510 0.039815
0 0.326042 0.774769 0.026562 0.037500
0 0.488542 0.697454 0.032813 0.047685
0 0.708724 0.634491 0.017448 0.043056
0 0.383854 0.628704 0.013021 0.038889
0 0.201302 0.579398 0.023438 0.031019
0 0.247396 0.556019 0.025521 0.033333
0 0.700911 0.521528 0.024219 0.022685
0 0.970573 0.468519 0.016667 0.037037
0 0.877995 0.437963 0.023177 0.045370
0 0.727214 0.422222 0.026823 0.033333
0 0.986849 0.384259 0.025260 0.033333
0 0.779427 0.389352 0.024479 0.062037
0 0.864583 0.380093 0.017708 0.047222
0 0.891667 0.370370 0.023958 0.029630
0 0.134766 0.337963 0.032552 0.037037
0 0.952214 0.278935 0.016927 0.036574
0 0.269792 0.255787 0.019271 0.048611
0 0.325781 0.194444 0.027083 0.034259
0 0.397656 0.180324 0.015625 0.043981
0 0.280078 0.165278 0.017969 0.039815
0 0.004427 0.156713 0.008854 0.031019
0 0.370703 0.089815 0.024219 0.031481
0 0.554167 0.075000 0.028125 0.025000
0 0.403255 0.067130 0.022135 0.034259
0 0.719010 0.037269 0.016667 0.030093
0 0.457422 0.031481 0.026823 0.031481
0 0.663021 0.031713 0.028125 0.035648