0 0.350651 0.997222 0.007552 0.005556
0 0.269010 0.996065 0.009896 0.007870
0 0.115104 0.982176 0.036979 0.035648
0 0.026172 0.952083 0.010156 0.018056
0 0.687240 0.961111 0.041667 0.041667
0 0.875000 0.946296 0.007812 0.013889
0 0.845052 0.901620 0.028125 0.047685
0 0.493750 0.896296 0.018750 0.042593
0 0.528906 0.838194 0.023958 0.021759
0 0.835938 0.828935 0.013021 0.017130
0 0.955469 0.817130 0.031250 0.047222
0 0.711849 0.780787 0.010677 0.029167
0 0.840885 0.714815 0.008854 0.027778
0 0.581250 0.709954 0.023438 0.040278
0 0.716146 0.685417 0.030208 0.023611
0 0.052214 0.648380 0.010156 0.025463
0 0.329167 0.631713 0.012500 0.036574
0 0.323437 0.562963 0.022917 0.035185
0 0.899089 0.574306 0.016927 0.098611
0 0.419792 0.545139 0.029687 0.112500
0 0.113021 0.493287 0.007812 0.038426
0 0.975130 0.472917 0.019010 0.023611
0 0.170313 0.464352 0.011979 0.051852
0 0.894661 0.409722 0.011719 0.036111
0 0.449479 0.372685 0.006771 0.012037
0 0.980729 0.380556 0.028125 0.043519
0 0.832422 0.266435 0.009635 0.017130
0 0.012240 0.254398 0.018229 0.089352
0 0.152995 0.202778 0.023698 0.027778
0 0.287891 0.189583 0.016927 0.037500
0 0.891797 0.035417 0.019531 0.016204
0 0.572656 0.013194 0.011458 0.026389