0 0.391667 0.992130 0.005729 0.015741
0 0.554818 0.960417 0.010677 0.062500
0 0.965234 0.828472 0.009635 0.018056
0 0.784375 0.823611 0.011979 0.021296
0 0.606771 0.802546 0.008333 0.012500
0 0.591797 0.735880 0.014323 0.042130
0 0.756250 0.776157 0.033854 0.125463
0 0.400391 0.692593 0.009115 0.012963
0 0.715755 0.690509 0.008594 0.015278
0 0.381771 0.685185 0.009375 0.012037
0 0.121354 0.559722 0.015104 0.031481
0 0.726432 0.538194 0.007552 0.013426
0 0.428776 0.478241 0.007031 0.012963
0 0.907292 0.449537 0.006250 0.015741
0 0.383984 0.388889 0.004948 0.014815
0 0.810026 0.381713 0.008594 0.015278
0 0.727474 0.356250 0.008594 0.015278
0 0.440625 0.346759 0.007292 0.012963
0 0.881380 0.210417 0.067969 0.056019
0 0.399219 0.198380 0.054688 0.038426
0 0.747786 0.172917 0.009115 0.012500
0 0.682682 0.085185 0.005469 0.015741
0 0.388151 0.071065 0.007552 0.013426
0 0.619401 0.053009 0.011719 0.019907
0 0.460417 0.037269 0.007812 0.017130