0 0.723568 0.896759 0.009635 0.019444
0 0.345443 0.873843 0.011719 0.023611
0 0.451823 0.843287 0.015625 0.036574
0 0.079036 0.821759 0.019531 0.027778
0 0.149740 0.805093 0.017708 0.025000
0 0.723307 0.759491 0.007031 0.013426
0 0.557292 0.740278 0.020833 0.041667
0 0.379036 0.673148 0.007552 0.012037
0 0.713932 0.678241 0.020052 0.030556
0 0.736719 0.649769 0.013542 0.020833
0 0.273177 0.632176 0.010417 0.012500
0 0.586068 0.597917 0.010677 0.023611
0 0.643620 0.569444 0.012240 0.024074
0 0.076302 0.506019 0.014583 0.046296
0 0.878255 0.403009 0.026302 0.046759
0 0.745182 0.256713 0.034115 0.107870
0 0.837500 0.214120 0.105729 0.189352
0 0.167318 0.023611 0.006510 0.014815
0 0.294531 0.025231 0.014063 0.044907