0 0.817578 0.924769 0.027865 0.028241
0 0.822656 0.868287 0.008854 0.027315
0 0.952214 0.859491 0.016406 0.040278
0 0.888672 0.841898 0.015885 0.021759
0 0.922656 0.793981 0.013542 0.032407
0 0.941276 0.793981 0.019010 0.041667
0 0.872786 0.565046 0.010156 0.018981
0 0.863932 0.346065 0.016406 0.040278
0 0.993229 0.305556 0.013542 0.041667
0 0.135807 0.133333 0.027344 0.029630
0 0.912370 0.144907 0.015365 0.058333
0 0.558333 0.097222 0.025521 0.024074
0 0.250521 0.038194 0.017708 0.047685
0 0.972656 0.026157 0.013542 0.040278
0 0.608073 0.026852 0.025000 0.050000
0 0.069661 0.011111 0.010677 0.022222