0 0.880729 0.996296 0.010417 0.007407
0 0.617578 0.958102 0.016406 0.028241
0 0.960677 0.948843 0.009896 0.015278
0 0.975651 0.958565 0.017969 0.046759
0 0.492578 0.931019 0.014323 0.043519
0 0.859375 0.910185 0.009375 0.013889
0 0.697005 0.896528 0.007031 0.012500
0 0.924349 0.872917 0.009115 0.014352
0 0.787500 0.861111 0.007292 0.012963
0 0.381641 0.892130 0.021615 0.077778
0 0.640365 0.793287 0.008333 0.018981
0 0.113932 0.731019 0.026302 0.073148
0 0.631901 0.681944 0.010677 0.023148
0 0.722005 0.648148 0.008073 0.013889
0 0.340755 0.620602 0.008594 0.058796
0 0.771224 0.581944 0.012240 0.026852
0 0.955339 0.581250 0.038802 0.038426
0 0.756771 0.569907 0.009896 0.017593
0 0.531641 0.508796 0.007552 0.012963
0 0.164453 0.481944 0.013802 0.027778
0 0.384505 0.429630 0.006510 0.011111
0 0.533073 0.410417 0.008854 0.011574
0 0.601823 0.408565 0.011979 0.011574
0 0.341927 0.365972 0.024479 0.126389
0 0.613411 0.308333 0.006510 0.012963
0 0.003516 0.294907 0.007031 0.013889
0 0.934115 0.283333 0.007812 0.013889
0 0.825521 0.273148 0.008333 0.025926
0 0.853776 0.256250 0.007031 0.012500
0 0.081510 0.266435 0.011979 0.038426
0 0.632682 0.261111 0.011719 0.034259
0 0.060937 0.255093 0.010417 0.026852
0 0.835547 0.231019 0.011198 0.028704
0 0.396354 0.251852 0.013542 0.117593
0 0.947917 0.182639 0.010417 0.026389
0 0.090625 0.161806 0.011979 0.030093
0 0.112240 0.145602 0.005729 0.009722
0 0.388672 0.128704 0.007552 0.013889
0 0.970833 0.068056 0.013021 0.018519
0 0.780208 0.064583 0.018229 0.028241
0 0.393229 0.037731 0.016667 0.040278
0 0.962240 0.019907 0.007812 0.013889