0 0.014844 0.918287 0.011458 0.027315
0 0.539323 0.882870 0.011979 0.012963
0 0.125260 0.864815 0.024479 0.061111
0 0.458203 0.715972 0.008594 0.015278
0 0.205599 0.716898 0.007552 0.018056
0 0.575260 0.685880 0.023958 0.029167
0 0.274740 0.554861 0.007812 0.014352
0 0.957943 0.358565 0.014844 0.031019
0 0.498047 0.276157 0.024740 0.029167
0 0.414323 0.271528 0.022396 0.020833
0 0.718490 0.265278 0.022396 0.033333
0 0.461328 0.257639 0.027344 0.020833
0 0.579297 0.264815 0.020573 0.053704
0 0.707812 0.246296 0.017708 0.025926
0 0.055990 0.249306 0.014583 0.031944
0 0.118620 0.234491 0.034115 0.043056
0 0.766797 0.209954 0.016927 0.031944
0 0.101693 0.178935 0.012760 0.043981
0 0.854948 0.010185 0.010937 0.020370