0 0.322786 0.980093 0.010677 0.012963
0 0.250130 0.972222 0.008073 0.024074
0 0.566016 0.940741 0.018490 0.015741
0 0.529167 0.939815 0.016667 0.013889
0 0.609115 0.942130 0.014063 0.025000
0 0.039583 0.936574 0.015625 0.019444
0 0.455078 0.935185 0.007031 0.025926
0 0.804688 0.928241 0.017708 0.013889
0 0.886589 0.927083 0.009115 0.040278
0 0.527995 0.909491 0.014844 0.025463
0 0.469141 0.907176 0.013281 0.034722
0 0.039844 0.879398 0.007812 0.022685
0 0.070703 0.884259 0.011719 0.037037
0 0.658854 0.865509 0.018750 0.015278
0 0.454688 0.867130 0.008333 0.030556
0 0.308594 0.796065 0.022396 0.019907
0 0.044792 0.808796 0.016667 0.050000
0 0.070703 0.792824 0.011198 0.028241
0 0.810807 0.787963 0.008594 0.034259
0 0.239453 0.691667 0.009115 0.025000
0 0.667318 0.691435 0.012760 0.036574
0 0.051042 0.671065 0.011458 0.054167
0 0.449219 0.647454 0.008854 0.028241
0 0.816016 0.644907 0.033594 0.039815
0 0.269010 0.623148 0.017708 0.019444
0 0.469401 0.591667 0.018490 0.020370
0 0.242188 0.595370 0.008333 0.028704
0 0.521484 0.561111 0.013281 0.023148
0 0.805990 0.548380 0.020313 0.017130
0 0.607292 0.538657 0.009896 0.038426
0 0.409635 0.522685 0.016667 0.014815
0 0.245443 0.534722 0.007031 0.045370
0 0.049089 0.519213 0.010677 0.029167
0 0.264714 0.515972 0.008594 0.032870
0 0.885938 0.496065 0.016146 0.018981
0 0.262630 0.473843 0.007031 0.030093
0 0.130208 0.439352 0.007292 0.024074
0 0.805859 0.440278 0.013281 0.034259
0 0.825781 0.413426 0.010417 0.020370
0 0.260156 0.404861 0.006250 0.030093
0 0.030469 0.382407 0.016667 0.012037
0 0.452083 0.381019 0.007812 0.013889
0 0.543750 0.380093 0.008854 0.015741
0 0.497656 0.360417 0.006771 0.008796
0 0.246615 0.337269 0.009375 0.027315
0 0.049089 0.334028 0.010156 0.033796
0 0.544922 0.307639 0.008073 0.009722
0 0.451302 0.292593 0.008854 0.015741
0 0.407813 0.291667 0.008333 0.014815
0 0.496875 0.288657 0.006250 0.010648
0 0.247786 0.271991 0.008594 0.029167
0 0.050521 0.261343 0.010417 0.031944
0 0.027344 0.165509 0.018229 0.022685
0 0.568750 0.170370 0.022917 0.050000
0 0.498437 0.116898 0.007292 0.013426
0 0.806771 0.129861 0.017188 0.045833
0 0.245312 0.117130 0.010937 0.037037
0 0.102865 0.095370 0.022917 0.026852
0 0.043229 0.085417 0.020313 0.017130
0 0.811198 0.063194 0.024479 0.021759
0 0.404948 0.028704 0.008333 0.014815
0 0.541797 0.028241 0.009115 0.015741