0 0.601693 0.970139 0.013802 0.031019
0 0.769792 0.942824 0.018229 0.055093
0 0.126172 0.857176 0.013802 0.031019
0 0.839974 0.767824 0.025260 0.025463
0 0.212760 0.756019 0.024479 0.026852
0 0.250130 0.713657 0.026823 0.037500
0 0.300911 0.716435 0.019531 0.049537
0 0.539974 0.681944 0.013802 0.039815
0 0.470052 0.632870 0.008333 0.027778
0 0.616797 0.612269 0.020052 0.027315
0 0.549870 0.613194 0.017969 0.049537
0 0.026172 0.594444 0.027865 0.033333
0 0.831250 0.596065 0.022396 0.061574
0 0.766016 0.538426 0.030990 0.032407
0 0.445443 0.528472 0.023177 0.027315
0 0.236458 0.477778 0.016146 0.037963
0 0.923958 0.478704 0.027604 0.046296
0 0.279297 0.462731 0.025781 0.031019
0 0.321224 0.450926 0.024740 0.037963
0 0.279167 0.436574 0.021875 0.015741
0 0.813151 0.437037 0.018490 0.024074
0 0.705729 0.339583 0.011458 0.032870