0 0.450781 0.963657 0.018750 0.035648
0 0.680339 0.952546 0.028385 0.058796
0 0.793490 0.940972 0.020313 0.043056
0 0.362240 0.924769 0.017188 0.040278
0 0.783464 0.829630 0.028906 0.063889
0 0.579427 0.814815 0.019792 0.041667
0 0.987370 0.756019 0.025260 0.037963
0 0.198568 0.564352 0.011719 0.033333
0 0.578516 0.470139 0.020052 0.032870
0 0.627344 0.453704 0.011979 0.027778
0 0.354167 0.450694 0.022396 0.026389
0 0.876823 0.454398 0.009896 0.034722
0 0.835677 0.427778 0.019271 0.023148
0 0.768490 0.394676 0.014583 0.043981
0 0.362240 0.380556 0.019792 0.050000
0 0.426302 0.267593 0.018229 0.029630
0 0.914062 0.237963 0.015104 0.049074
0 0.444922 0.203009 0.025260 0.036574
0 0.860026 0.207176 0.013281 0.047685
0 0.710417 0.171065 0.017188 0.035648
0 0.623958 0.195370 0.035417 0.084259
0 0.456380 0.117130 0.022135 0.047222
0 0.380599 0.033796 0.019531 0.030556
0 0.489583 0.016435 0.018229 0.032870