0 0.444010 0.950926 0.018229 0.019444
0 0.980469 0.949769 0.018229 0.027315
0 0.980469 0.907639 0.016146 0.037500
0 0.947526 0.879398 0.018490 0.030093
0 0.884766 0.856944 0.015885 0.026852
0 0.937109 0.843287 0.013281 0.031944
0 0.846875 0.816204 0.009896 0.016667
0 0.131120 0.728704 0.022135 0.014815
0 0.885417 0.730093 0.009896 0.029630
0 0.533073 0.706019 0.021354 0.020370
0 0.494271 0.695833 0.026042 0.024074
0 0.598437 0.689583 0.014583 0.014352
0 0.065365 0.674769 0.009896 0.038426
0 0.562500 0.662037 0.017188 0.014815
0 0.719271 0.676389 0.015625 0.048148
0 0.082812 0.639120 0.020313 0.016204
0 0.462760 0.638426 0.005729 0.028704
0 0.528906 0.611806 0.015625 0.038426
0 0.985026 0.595602 0.009635 0.018981
0 0.298177 0.566898 0.015104 0.018981
0 0.606250 0.556944 0.026042 0.017593
0 0.229948 0.556019 0.020313 0.025926
0 0.059375 0.519676 0.018750 0.017130
0 0.894401 0.517824 0.010156 0.022685
0 0.842969 0.471296 0.008333 0.013889
0 0.282161 0.479630 0.009115 0.037037
0 0.060026 0.466435 0.014844 0.027315
0 0.688151 0.436806 0.028385 0.037500
0 0.259766 0.416204 0.008073 0.028704
0 0.327604 0.402315 0.010937 0.022222
0 0.878906 0.388426 0.011458 0.019444
0 0.610677 0.375463 0.027083 0.025000
0 0.823698 0.370139 0.015625 0.037500
0 0.947396 0.353009 0.014583 0.025463
0 0.080078 0.347222 0.009635 0.027778
0 0.483854 0.341204 0.017708 0.017593
0 0.677604 0.342130 0.014063 0.025000
0 0.929427 0.326157 0.014063 0.022685
0 0.458594 0.323380 0.009896 0.033796
0 0.984115 0.319676 0.015104 0.027315
0 0.049609 0.308565 0.024219 0.030093
0 0.507422 0.296991 0.005990 0.017130
0 0.259896 0.277315 0.008854 0.029630
0 0.105729 0.153241 0.019271 0.018519
0 0.276432 0.161111 0.011719 0.038889
0 0.991536 0.153935 0.015885 0.029167
0 0.869271 0.087963 0.015625 0.035185
0 0.956641 0.064120 0.013281 0.024537
0 0.114974 0.057639 0.013281 0.018981
0 0.641016 0.031019 0.022135 0.029630
0 0.519141 0.017361 0.015885 0.034722