0 0.580859 0.980324 0.035156 0.034722
0 0.438281 0.975231 0.010417 0.030093
0 0.521484 0.942593 0.018490 0.045370
0 0.020703 0.837269 0.013281 0.037500
0 0.073698 0.829398 0.019271 0.049537
0 0.664974 0.815046 0.019010 0.052315
0 0.043880 0.735417 0.023177 0.026389
0 0.798568 0.737963 0.019531 0.055556
0 0.492969 0.725000 0.014583 0.036111
0 0.863151 0.711574 0.032552 0.068519
0 0.425651 0.607870 0.015365 0.037037
0 0.572656 0.599074 0.011458 0.039815
0 0.760807 0.583333 0.014323 0.038889
0 0.896354 0.541435 0.016146 0.053241
0 0.451302 0.490972 0.015625 0.040278
0 0.742708 0.476852 0.026042 0.022222
0 0.621354 0.411574 0.021875 0.032407
0 0.765625 0.363657 0.026042 0.044907
0 0.212630 0.339120 0.019010 0.020833
0 0.203776 0.317130 0.020052 0.022222
0 0.139063 0.318981 0.022396 0.026852
0 0.324870 0.303241 0.022135 0.029630
0 0.478125 0.272222 0.014063 0.046296
0 0.713411 0.244213 0.022135 0.033796
0 0.996354 0.228009 0.006771 0.023611
0 0.405339 0.221759 0.024219 0.037963
0 0.526823 0.232639 0.014583 0.066204
0 0.843880 0.182407 0.024219 0.058333
0 0.988411 0.141435 0.014323 0.036574
0 0.964063 0.126620 0.022396 0.043981
0 0.678906 0.102778 0.017188 0.032407
0 0.745833 0.065972 0.013542 0.018981
0 0.539323 0.063889 0.023438 0.026852
0 0.626563 0.020833 0.018750 0.025926