0 0.829167 0.843287 0.032292 0.048611
0 0.966927 0.819676 0.008854 0.026389
0 0.619661 0.780324 0.025260 0.028241
0 0.493620 0.781944 0.019010 0.052778
0 0.259375 0.761343 0.015104 0.059722
0 0.123828 0.734954 0.022656 0.040278
0 0.050000 0.721759 0.014063 0.059259
0 0.952083 0.702546 0.040104 0.049537
0 0.734375 0.629167 0.014063 0.036111
0 0.956510 0.630787 0.028646 0.059722
0 0.624089 0.631481 0.031510 0.073148
0 0.298568 0.551852 0.030469 0.066667
0 0.078646 0.535648 0.020313 0.037037
0 0.429167 0.505787 0.023958 0.031944
0 0.591797 0.338194 0.020573 0.039352
0 0.762240 0.265509 0.022917 0.043056
0 0.226302 0.215972 0.026562 0.030093
0 0.936849 0.195833 0.035677 0.031481
0 0.172005 0.182176 0.033594 0.023611
0 0.492708 0.182870 0.016146 0.043519
0 0.362500 0.151852 0.018229 0.032407
0 0.353125 0.121759 0.019792 0.022222
0 0.178776 0.096991 0.010677 0.039352
0 0.286589 0.077083 0.024219 0.032870
0 0.589063 0.074769 0.023438 0.038426
0 0.568620 0.065741 0.010677 0.033333
0 0.664323 0.046759 0.030208 0.033333
0 0.314323 0.005787 0.007292 0.010648