0 0.973568 0.952778 0.017969 0.042593
0 0.180339 0.934491 0.015885 0.028241
0 0.461849 0.825231 0.009635 0.034722
0 0.138281 0.757176 0.034375 0.040278
0 0.015234 0.766204 0.026302 0.060185
0 0.439063 0.690972 0.017188 0.027315
0 0.397005 0.672454 0.023177 0.033796
0 0.352865 0.651620 0.023958 0.035648
0 0.754427 0.623611 0.032292 0.035185
0 0.842708 0.619213 0.016146 0.035648
0 0.223047 0.612269 0.023177 0.034722
0 0.031380 0.598611 0.018490 0.021296
0 0.327995 0.594444 0.026302 0.030556
0 0.705078 0.593056 0.012240 0.034259
0 0.844661 0.576389 0.016406 0.029630
0 0.826302 0.550694 0.027604 0.035648
0 0.668880 0.528009 0.019010 0.046759
0 0.026823 0.512269 0.014063 0.047685
0 0.267969 0.460648 0.030208 0.045370
0 0.769922 0.439815 0.035156 0.053704
0 0.337370 0.415509 0.023698 0.033796
0 0.331510 0.349537 0.022396 0.024074
0 0.786328 0.326157 0.026302 0.054167
0 0.689323 0.287731 0.030208 0.052315
0 0.188802 0.249537 0.033333 0.030556
0 0.566667 0.250463 0.012500 0.045370
0 0.534635 0.229630 0.010417 0.035185
0 0.337630 0.222685 0.010677 0.036111
0 0.006901 0.181019 0.013802 0.056481
0 0.014063 0.064815 0.028125 0.039815
0 0.991016 0.047222 0.017969 0.064815