0 0.178516 0.921296 0.010156 0.018519
0 0.051953 0.820833 0.014323 0.031481
0 0.023438 0.813194 0.017188 0.020833
0 0.145964 0.757870 0.009635 0.016667
0 0.017057 0.721528 0.007031 0.013426
0 0.173958 0.748843 0.027083 0.083796
0 0.183203 0.661574 0.022656 0.057407
0 0.503776 0.531250 0.005990 0.010648
0 0.502083 0.472917 0.014583 0.050463
0 0.485026 0.434491 0.007031 0.012500
0 0.129557 0.424306 0.016406 0.019907
0 0.191797 0.406019 0.024740 0.032407
0 0.230208 0.400231 0.010417 0.029167
0 0.175911 0.368287 0.010156 0.014352
0 0.722135 0.361111 0.075000 0.100000
0 0.352083 0.215046 0.012500 0.027315
0 0.454167 0.212963 0.019792 0.026852
0 0.111068 0.085648 0.008073 0.015741
0 0.142448 0.091435 0.019271 0.047685
0 0.049870 0.078472 0.013281 0.028241
0 0.897786 0.049537 0.026823 0.046296