0 0.586068 0.981250 0.023177 0.036574
0 0.402344 0.912037 0.015104 0.034259
0 0.674740 0.905556 0.017188 0.024074
0 0.226432 0.908102 0.025781 0.049537
0 0.973437 0.889120 0.029687 0.041204
0 0.538802 0.854398 0.010417 0.029167
0 0.418750 0.808333 0.019271 0.022222
0 0.625130 0.725926 0.014323 0.019444
0 0.664062 0.706713 0.010417 0.027315
0 0.601823 0.676620 0.017188 0.023611
0 0.741797 0.666204 0.010677 0.021296
0 0.107292 0.669213 0.032813 0.053241
0 0.702734 0.595602 0.024219 0.033796
0 0.596484 0.467824 0.009635 0.017130
0 0.889062 0.401389 0.014583 0.038889
0 0.475651 0.200463 0.014323 0.019444
0 0.821094 0.182176 0.020313 0.043056
0 0.159375 0.130324 0.007292 0.012500
0 0.513542 0.046065 0.017708 0.035648