0 0.968880 0.990046 0.013281 0.018981
0 0.304167 0.950231 0.021354 0.028241
0 0.625651 0.795139 0.010156 0.024537
0 0.647396 0.775926 0.014583 0.015741
0 0.203516 0.771065 0.014844 0.019907
0 0.245052 0.737269 0.015625 0.020833
0 0.856510 0.728009 0.015625 0.027315
0 0.831250 0.720602 0.019792 0.020833
0 0.636719 0.721296 0.018229 0.027778
0 0.747266 0.718519 0.019010 0.034259
0 0.677083 0.706250 0.009375 0.017130
0 0.814193 0.690972 0.016927 0.018056
0 0.336198 0.694676 0.013542 0.026389
0 0.191276 0.658796 0.009635 0.019444
0 0.221224 0.636111 0.069531 0.021296
0 0.856771 0.612269 0.011458 0.019907
0 0.036849 0.606481 0.015885 0.034259
0 0.205990 0.563657 0.009375 0.020833
0 0.438802 0.373380 0.011979 0.026389
0 0.964844 0.332639 0.013542 0.024537
0 0.723047 0.230556 0.014323 0.033333
0 0.535286 0.174769 0.017448 0.031019
0 0.749219 0.110185 0.073438 0.067593
0 0.592969 0.047917 0.010417 0.024537
0 0.978125 0.009722 0.012500 0.018519