0 0.699740 0.991435 0.009375 0.016204
0 0.838932 0.961806 0.011198 0.032870
0 0.736198 0.943750 0.018750 0.035648
0 0.384505 0.918981 0.016927 0.026852
0 0.345443 0.920602 0.023177 0.040278
0 0.874479 0.913889 0.010937 0.029630
0 0.279557 0.928009 0.034115 0.061574
0 0.807813 0.905324 0.026562 0.029167
0 0.656380 0.905556 0.015885 0.045370
0 0.415885 0.861806 0.020833 0.031944
0 0.740104 0.855787 0.008854 0.030093
0 0.444401 0.811806 0.018490 0.028241
0 0.876172 0.781481 0.017969 0.015741
0 0.855729 0.759722 0.010937 0.039815
0 0.400651 0.718056 0.020052 0.032407
0 0.842708 0.674769 0.014063 0.067130
0 0.650521 0.642824 0.009896 0.036574
0 0.518880 0.634259 0.041927 0.068519
0 0.738802 0.576157 0.007292 0.023611
0 0.855469 0.559028 0.009896 0.031944
0 0.659896 0.554398 0.010937 0.031019
0 0.869531 0.499537 0.007292 0.020370
0 0.855469 0.489352 0.010417 0.031481
0 0.697135 0.450231 0.016667 0.015278
0 0.931250 0.386574 0.020313 0.013889
0 0.695312 0.350694 0.017708 0.034722
0 0.502604 0.329630 0.015104 0.026852
0 0.654167 0.286806 0.013542 0.023611
0 0.853125 0.286111 0.010937 0.028704
0 0.894922 0.261111 0.009115 0.022222
0 0.850130 0.213889 0.015365 0.013889
0 0.874349 0.215741 0.017969 0.019444
0 0.469792 0.211111 0.013542 0.021296
0 0.383854 0.212269 0.020313 0.066204
0 0.725781 0.188194 0.018750 0.033796
0 0.257812 0.178472 0.023438 0.034722
0 0.214453 0.156481 0.013802 0.030556
0 0.172786 0.146759 0.020573 0.034259
0 0.836849 0.069213 0.010156 0.027315