0 0.228646 0.948611 0.011979 0.017593
0 0.404427 0.945602 0.009896 0.026389
0 0.024609 0.928009 0.011198 0.026389
0 0.248698 0.844676 0.009896 0.013426
0 0.082812 0.792130 0.008333 0.016667
0 0.635677 0.762731 0.015104 0.020833
0 0.037370 0.713889 0.011719 0.024074
0 0.210547 0.674769 0.022656 0.025463
0 0.817708 0.640741 0.010417 0.013889
0 0.825260 0.550694 0.015104 0.051389
0 0.437760 0.402315 0.026042 0.024074
0 0.202995 0.350231 0.024740 0.027315
0 0.691146 0.228472 0.028125 0.031019
0 0.401302 0.207870 0.019271 0.039815
0 0.915625 0.161111 0.015104 0.042593
0 0.074740 0.104861 0.018750 0.056944
0 0.670052 0.031481 0.020833 0.055556