0 0.539844 0.989583 0.017708 0.019907
0 0.912630 0.984491 0.016927 0.029167
0 0.125130 0.978009 0.015365 0.018056
0 0.865234 0.974537 0.008594 0.015741
0 0.138021 0.915509 0.012500 0.033796
0 0.347135 0.900463 0.006771 0.010185
0 0.539193 0.898148 0.012760 0.037037
0 0.168750 0.898843 0.030729 0.040278
0 0.602214 0.854630 0.016927 0.022222
0 0.652083 0.835185 0.015104 0.038889
0 0.683594 0.806713 0.019792 0.021759
0 0.722917 0.797917 0.017188 0.019907
0 0.921745 0.796759 0.027865 0.046296
0 0.100781 0.776157 0.017188 0.028241
0 0.907943 0.760648 0.015365 0.016667
0 0.309896 0.771528 0.018750 0.043056
0 0.536849 0.755787 0.023177 0.028241
0 0.342708 0.760417 0.015625 0.041204
0 0.881901 0.720833 0.009635 0.014815
0 0.573698 0.721065 0.019792 0.025463
0 0.089583 0.707407 0.022396 0.024074
0 0.140365 0.695602 0.016146 0.028241
0 0.891927 0.651157 0.014063 0.020833
0 0.495052 0.648380 0.024479 0.031944
0 0.162370 0.603241 0.026302 0.027778
0 0.432552 0.584722 0.014063 0.029630
0 0.887760 0.574537 0.014583 0.018519
0 0.308854 0.562963 0.017708 0.042593
0 0.995313 0.527546 0.009375 0.013426
0 0.559635 0.521528 0.013542 0.039352
0 0.543750 0.487500 0.016667 0.022222
0 0.662370 0.465046 0.016406 0.018981
0 0.715495 0.461343 0.014323 0.034722
0 0.519531 0.444213 0.013542 0.031944
0 0.672656 0.433796 0.018229 0.022222
0 0.736198 0.429630 0.017708 0.022222
0 0.578385 0.387037 0.019792 0.035185
0 0.866536 0.373611 0.023698 0.021296
0 0.738802 0.384028 0.021354 0.044907
0 0.816016 0.263426 0.015885 0.021296
0 0.834115 0.256250 0.010937 0.032870
0 0.872526 0.040972 0.021094 0.031944