0 0.853125 0.995370 0.005208 0.009259
0 0.398177 0.978472 0.006771 0.011574
0 0.156120 0.896065 0.016406 0.032870
0 0.758724 0.882870 0.009635 0.014815
0 0.127604 0.871296 0.007812 0.013889
0 0.302344 0.873843 0.013021 0.025463
0 0.348047 0.845370 0.011198 0.017593
0 0.430729 0.807176 0.009375 0.017130
0 0.607943 0.782639 0.004427 0.007870
0 0.859505 0.782176 0.008073 0.014352
0 0.725260 0.775231 0.010417 0.016204
0 0.764453 0.739352 0.008073 0.012963
0 0.535417 0.696296 0.010417 0.015741
0 0.827344 0.677546 0.010417 0.017130
0 0.863281 0.672222 0.011458 0.018519
0 0.485417 0.656944 0.009375 0.016667
0 0.613021 0.656481 0.010417 0.017593
0 0.597266 0.620139 0.007031 0.012500
0 0.345833 0.605787 0.018750 0.031019
0 0.626693 0.584259 0.010156 0.016667
0 0.683073 0.573611 0.009896 0.018519
0 0.704948 0.553472 0.007292 0.014352
0 0.661979 0.537500 0.007292 0.012963
0 0.194531 0.497222 0.009896 0.014815
0 0.619531 0.450463 0.008333 0.014815
0 0.144271 0.444676 0.009375 0.014352
0 0.332682 0.425231 0.006510 0.017130
0 0.646354 0.421065 0.007292 0.012500
0 0.114974 0.420370 0.011719 0.017593
0 0.712109 0.413426 0.009115 0.014815
0 0.555208 0.383796 0.011458 0.021296
0 0.131120 0.380556 0.014844 0.025000
0 0.172396 0.372454 0.038021 0.048611
0 0.718229 0.342361 0.013542 0.022685
0 0.760677 0.294444 0.006250 0.011111
0 0.514714 0.297685 0.010156 0.019444
0 0.003776 0.158102 0.007552 0.030093
0 0.320443 0.107176 0.015885 0.024537
0 0.612500 0.090278 0.009375 0.016667
0 0.669922 0.070370 0.008073 0.015741
0 0.294010 0.084954 0.022917 0.050463
0 0.187240 0.065509 0.010417 0.020833
0 0.029948 0.047685 0.009375 0.019444
0 0.649219 0.053241 0.050521 0.060185
0 0.005078 0.022454 0.010156 0.021759
0 0.168880 0.010648 0.009635 0.018519
0 0.369661 0.007870 0.011719 0.015741
0 0.293750 0.012963 0.019792 0.025926