0 0.264453 0.992361 0.018490 0.014352
0 0.392708 0.974306 0.019792 0.021759
0 0.008333 0.951157 0.016667 0.034722
0 0.554167 0.949537 0.019792 0.033333
0 0.294531 0.906019 0.031771 0.039815
0 0.230469 0.857407 0.018229 0.050926
0 0.210807 0.802778 0.023177 0.035185
0 0.053516 0.789352 0.017969 0.042593
0 0.496484 0.758796 0.020052 0.038889
0 0.257292 0.734722 0.026042 0.037963
0 0.311979 0.700000 0.006771 0.014815
0 0.186328 0.694907 0.018490 0.049074
0 0.283464 0.603935 0.016927 0.037500
0 0.469792 0.576157 0.022917 0.050463
0 0.140495 0.555093 0.015365 0.051852
0 0.199479 0.530093 0.014063 0.037037
0 0.103255 0.494907 0.022656 0.039815
0 0.260677 0.492130 0.015104 0.035185
0 0.610547 0.420602 0.034635 0.029167
0 0.116406 0.364352 0.029687 0.047222
0 0.392318 0.270139 0.017969 0.033796
0 0.243359 0.240972 0.013802 0.043981
0 0.520312 0.201620 0.017708 0.034722
0 0.124349 0.190972 0.033594 0.052315
0 0.379036 0.164815 0.013802 0.030556
0 0.033984 0.175926 0.033073 0.075926
0 0.015234 0.118981 0.019010 0.032407
0 0.142969 0.092130 0.022396 0.059259
0 0.311849 0.006713 0.021615 0.013426