0 0.016016 0.988194 0.020573 0.023611
0 0.064062 0.886806 0.020313 0.035648
0 0.286719 0.640278 0.018229 0.037037
0 0.296484 0.606944 0.017448 0.037037
0 0.320443 0.555556 0.014323 0.025926
0 0.321354 0.525694 0.018229 0.026389
0 0.052214 0.495833 0.010677 0.016667
0 0.349479 0.490972 0.018229 0.029167
0 0.014844 0.476852 0.010417 0.031481
0 0.421875 0.430556 0.015104 0.024074
0 0.066927 0.424074 0.010937 0.034259
0 0.439714 0.411574 0.018490 0.028704
0 0.130859 0.400694 0.021615 0.035648
0 0.102865 0.396759 0.017708 0.028704
0 0.361328 0.374074 0.016406 0.025926
0 0.155859 0.362500 0.023698 0.030556
0 0.184505 0.337500 0.020573 0.034259
0 0.138281 0.328472 0.015104 0.023611
0 0.201693 0.315046 0.013802 0.024537
0 0.545312 0.280556 0.017188 0.029630
0 0.351823 0.188889 0.013542 0.014815