0 0.950260 0.922222 0.019792 0.049074
0 0.221094 0.879167 0.011458 0.032407
0 0.114714 0.877546 0.030469 0.043981
0 0.195964 0.863426 0.023177 0.035185
0 0.260677 0.859722 0.011979 0.033333
0 0.752214 0.849769 0.023177 0.025463
0 0.431120 0.823380 0.017448 0.047685
0 0.333333 0.791204 0.021354 0.026852
0 0.280990 0.790046 0.018229 0.034722
0 0.397917 0.765741 0.016146 0.022222
0 0.559896 0.771065 0.012500 0.040278
0 0.493229 0.756250 0.019271 0.020833
0 0.763021 0.752546 0.025521 0.029167
0 0.495573 0.724306 0.012500 0.018056
0 0.376302 0.727778 0.016146 0.041667
0 0.540625 0.677315 0.020313 0.025926
0 0.756901 0.665509 0.015885 0.024537
0 0.577865 0.656019 0.028125 0.037037
0 0.025781 0.611806 0.016667 0.013426
0 0.004427 0.618056 0.008854 0.029630
0 0.105208 0.561343 0.015625 0.025463
0 0.614453 0.546528 0.017448 0.020833
0 0.370703 0.530324 0.020052 0.060648
0 0.165104 0.509491 0.015625 0.019907
0 0.277734 0.475694 0.019010 0.048611
0 0.326302 0.455324 0.017188 0.013426
0 0.598307 0.447917 0.019010 0.026389
0 0.198307 0.457870 0.020052 0.057407
0 0.331901 0.404861 0.013802 0.036574
0 0.144271 0.375926 0.019792 0.025000
0 0.591797 0.368981 0.013281 0.029630
0 0.212109 0.343981 0.017448 0.025000
0 0.891406 0.350926 0.013542 0.045370
0 0.266927 0.329630 0.010417 0.016667
0 0.452604 0.325926 0.014063 0.034259
0 0.581901 0.291435 0.015365 0.035648
0 0.855208 0.266898 0.022917 0.027315
0 0.127865 0.262037 0.018229 0.039815
0 0.954688 0.236574 0.017708 0.043519
0 0.254557 0.221296 0.019010 0.023148
0 0.901042 0.171528 0.012500 0.027315
0 0.476172 0.121528 0.015365 0.027315
0 0.274870 0.099306 0.020052 0.041204
0 0.313021 0.072222 0.025000 0.031481
0 0.211589 0.074306 0.028385 0.038426
0 0.344271 0.061343 0.021875 0.036574
0 0.908333 0.032176 0.024479 0.032870
0 0.439974 0.019907 0.018490 0.022222