0 0.517708 0.981713 0.021354 0.024537
0 0.305599 0.971991 0.014844 0.019907
0 0.612630 0.956481 0.011719 0.021296
0 0.017188 0.912963 0.013542 0.025000
0 0.107161 0.882639 0.011198 0.023611
0 0.249219 0.849074 0.006771 0.011111
0 0.688151 0.850000 0.015885 0.030556
0 0.178385 0.823148 0.027083 0.037963
0 0.860677 0.742361 0.013542 0.036574
0 0.075130 0.708565 0.005990 0.010648
0 0.660937 0.693287 0.008854 0.027315
0 0.597786 0.678241 0.016927 0.023148
0 0.011328 0.646528 0.010677 0.020833
0 0.062500 0.626620 0.009896 0.022685
0 0.008073 0.569444 0.016146 0.023148
0 0.266797 0.521065 0.020573 0.029167
0 0.763802 0.505324 0.014063 0.034722
0 0.225130 0.481481 0.013802 0.020370
0 0.616016 0.450231 0.023177 0.034722
0 0.898047 0.476389 0.037760 0.120370
0 0.186979 0.425463 0.018750 0.026852
0 0.649870 0.416898 0.012760 0.036574
0 0.192057 0.398148 0.014844 0.024074
0 0.757682 0.353704 0.022656 0.022222
0 0.110937 0.347454 0.019792 0.027315
0 0.386458 0.353935 0.015104 0.043981
0 0.318099 0.342593 0.020052 0.037963
0 0.497526 0.327083 0.014323 0.041204
0 0.679688 0.306713 0.019271 0.024537
0 0.384635 0.295370 0.021875 0.040741
0 0.605469 0.240509 0.011979 0.031019
0 0.741927 0.241204 0.016146 0.075000
0 0.363802 0.206944 0.023958 0.040741
0 0.621094 0.196065 0.015625 0.033796
0 0.407552 0.197685 0.022396 0.053704
0 0.376953 0.155324 0.020052 0.028241
0 0.631120 0.142361 0.011198 0.035648
0 0.391276 0.111343 0.012240 0.021759
0 0.824479 0.108333 0.013021 0.034259
0 0.863151 0.087963 0.007031 0.018519
0 0.420833 0.073611 0.013542 0.037037
0 0.820703 0.065046 0.012240 0.027315
0 0.262891 0.061574 0.029948 0.043519
0 0.850260 0.043750 0.021354 0.070833
0 0.599870 0.003704 0.008594 0.007407
0 0.435677 0.017361 0.008854 0.034722