0 0.694141 0.986111 0.036198 0.026852
0 0.703776 0.966898 0.009115 0.015278
0 0.766146 0.905324 0.008854 0.021759
0 0.445833 0.899537 0.013542 0.029630
0 0.213151 0.877315 0.011719 0.030556
0 0.820312 0.869213 0.009375 0.018981
0 0.602734 0.863194 0.075781 0.065278
0 0.531771 0.842824 0.014583 0.031019
0 0.849609 0.821991 0.009115 0.018981
0 0.712891 0.820370 0.009635 0.020370
0 0.819010 0.830556 0.024479 0.071296
0 0.269141 0.829167 0.038281 0.105556
0 0.811458 0.783565 0.009896 0.018056
0 0.833724 0.778704 0.029427 0.036111
0 0.435807 0.729630 0.015365 0.025926
0 0.848828 0.707176 0.007031 0.015278
0 0.179036 0.710185 0.011719 0.036111
0 0.979167 0.700463 0.023438 0.033333
0 0.944792 0.653472 0.028125 0.037500
0 0.539974 0.627778 0.008594 0.019444
0 0.468490 0.630324 0.009896 0.024537
0 0.260937 0.614352 0.013021 0.014815
0 0.217318 0.631250 0.022656 0.062500
0 0.408854 0.610185 0.011458 0.025926
0 0.897005 0.576157 0.006510 0.014352
0 0.436328 0.591204 0.026302 0.058333
0 0.561719 0.575231 0.013021 0.028241
0 0.613802 0.529398 0.017188 0.032870
0 0.824479 0.482407 0.010937 0.014815
0 0.130339 0.493056 0.028906 0.081481
0 0.868229 0.453009 0.010417 0.015278
0 0.497266 0.484954 0.040885 0.087500
0 0.221615 0.430556 0.012500 0.013889
0 0.775651 0.436111 0.019010 0.035185
0 0.515755 0.427778 0.013281 0.031481
0 0.849609 0.375694 0.021094 0.027315
0 0.594010 0.375694 0.013542 0.031944
0 0.944401 0.367593 0.020052 0.033333
0 0.788672 0.363657 0.033073 0.043056
0 0.680599 0.340972 0.008073 0.014352
0 0.380469 0.292130 0.010937 0.018519
0 0.760417 0.287500 0.007292 0.012963
0 0.901563 0.209028 0.040104 0.047685
0 0.558333 0.193056 0.010937 0.036111
0 0.746615 0.154398 0.025521 0.033796
0 0.126823 0.151852 0.009896 0.037963
0 0.483854 0.147222 0.025521 0.046296
0 0.288281 0.119907 0.024479 0.067593
0 0.791016 0.064352 0.016927 0.020370
0 0.376302 0.058333 0.009896 0.015741
0 0.272786 0.016898 0.012760 0.029167
0 0.970573 0.005787 0.015104 0.010648
0 0.600391 0.016204 0.032552 0.031481
0 0.591667 0.045139 0.058854 0.089352
0 0.105859 0.013426 0.029427 0.026852