0 0.363151 0.996065 0.008594 0.007870
0 0.688151 0.984491 0.006510 0.011574
0 0.444661 0.981713 0.010156 0.019907
0 0.676693 0.954167 0.005469 0.010185
0 0.499349 0.951852 0.006510 0.011111
0 0.725391 0.942824 0.006510 0.011574
0 0.301693 0.938194 0.010677 0.019907
0 0.712500 0.906250 0.007292 0.013426
0 0.563932 0.884491 0.011198 0.018056
0 0.322917 0.873148 0.005729 0.010185
0 0.855990 0.854861 0.006771 0.020833
0 0.037630 0.835880 0.007552 0.013426
0 0.417708 0.827083 0.009375 0.014352
0 0.347917 0.821296 0.008854 0.019444
0 0.423438 0.815509 0.006771 0.011574
0 0.033073 0.788889 0.006771 0.012037
0 0.099349 0.782870 0.008073 0.013889
0 0.261458 0.769213 0.008854 0.016204
0 0.556120 0.745370 0.008073 0.016667
0 0.442969 0.745833 0.011458 0.022222
0 0.180990 0.704630 0.009375 0.018519
0 0.336979 0.692593 0.008854 0.014815
0 0.549740 0.704398 0.033333 0.047685
0 0.631250 0.646528 0.008854 0.018056
0 0.441536 0.590509 0.014323 0.022685
0 0.125521 0.562037 0.015625 0.028704
0 0.239193 0.475926 0.028906 0.040741
0 0.928906 0.298843 0.036458 0.171759
0 0.500911 0.144676 0.005990 0.014352
0 0.238802 0.131944 0.006771 0.016667
0 0.422266 0.125926 0.008073 0.013889
0 0.835547 0.062500 0.017969 0.033333
0 0.852474 0.037500 0.012760 0.020370