0 0.290885 0.991898 0.018229 0.015278
0 0.289193 0.977778 0.008594 0.010185
0 0.408333 0.960648 0.012500 0.042593
0 0.598828 0.908102 0.012240 0.037500
0 0.644010 0.907870 0.040625 0.038889
0 0.702344 0.872222 0.009896 0.031481
0 0.397917 0.864352 0.010937 0.045370
0 0.118620 0.773380 0.010677 0.028241
0 0.547396 0.575463 0.022917 0.025926
0 0.842578 0.489815 0.023698 0.026852
0 0.102214 0.434491 0.014844 0.031019
0 0.424609 0.396065 0.015365 0.033796
0 0.108073 0.369213 0.013542 0.026389
0 0.153776 0.322454 0.008073 0.014352
0 0.332813 0.284491 0.020833 0.028241
0 0.478516 0.157407 0.019010 0.028704
0 0.265885 0.157407 0.020313 0.035185
0 0.987370 0.152778 0.016927 0.042593
0 0.767057 0.139352 0.047656 0.035185
0 0.395182 0.102778 0.010677 0.016667
0 0.975521 0.062269 0.014583 0.041204
0 0.576953 0.006481 0.014844 0.012963