0 0.600781 0.968981 0.015104 0.026852
0 0.005339 0.963426 0.010677 0.015741
0 0.082552 0.925463 0.021875 0.023148
0 0.108073 0.917130 0.014583 0.020370
0 0.702214 0.918519 0.011198 0.025926
0 0.381120 0.884028 0.009115 0.012500
0 0.874609 0.858565 0.021615 0.027315
0 0.256901 0.846759 0.019531 0.023148
0 0.311849 0.833102 0.027344 0.030093
0 0.288932 0.808102 0.015365 0.023611
0 0.097135 0.785648 0.014063 0.025926
0 0.797786 0.783102 0.017969 0.028241
0 0.664453 0.757176 0.020052 0.027315
0 0.975130 0.730787 0.013281 0.020833
0 0.988151 0.679167 0.013281 0.026852
0 0.551432 0.675231 0.016927 0.032870
0 0.057422 0.628241 0.019531 0.044444
0 0.580859 0.613194 0.024219 0.051389
0 0.140495 0.585880 0.015365 0.018056
0 0.836458 0.595833 0.027604 0.059259
0 0.114193 0.567361 0.016406 0.043056
0 0.204427 0.483102 0.021354 0.038426
0 0.854948 0.465278 0.017708 0.036111
0 0.645833 0.450231 0.029167 0.041204
0 0.257292 0.405787 0.026562 0.027315
0 0.634375 0.402083 0.010937 0.023611
0 0.455339 0.377546 0.012240 0.021759
0 0.898828 0.346528 0.014844 0.028241
0 0.200651 0.321065 0.021094 0.022685
0 0.705078 0.325694 0.020573 0.045833
0 0.920052 0.293981 0.017188 0.026852
0 0.706901 0.264815 0.018490 0.040741
0 0.197786 0.247222 0.015885 0.020370
0 0.529557 0.255787 0.028906 0.043981
0 0.685677 0.248148 0.015104 0.034259
0 0.249870 0.239120 0.032031 0.044907
0 0.956510 0.201852 0.020833 0.032407
0 0.713151 0.167824 0.016406 0.036574
0 0.418490 0.160417 0.024479 0.032870
0 0.887109 0.138426 0.016927 0.026852
0 0.526953 0.109954 0.020052 0.029167
0 0.988672 0.090972 0.018490 0.029167
0 0.753906 0.045833 0.016667 0.037037
0 0.952344 0.048611 0.022396 0.045370
0 0.463411 0.036806 0.017448 0.031944
0 0.994661 0.009954 0.009115 0.019907