0 0.046354 0.885648 0.017708 0.032407
0 0.205469 0.842593 0.021875 0.032407
0 0.053646 0.827315 0.019271 0.036111
0 0.152604 0.803009 0.017708 0.035648
0 0.432943 0.783102 0.020052 0.035648
0 0.429427 0.716435 0.018750 0.032870
0 0.044661 0.693287 0.007552 0.021759
0 0.079818 0.657870 0.019531 0.040741
0 0.345703 0.633565 0.016927 0.029167
0 0.008464 0.582639 0.016406 0.024537
0 0.055208 0.564583 0.023438 0.039352
0 0.035417 0.515046 0.011979 0.044907
0 0.292318 0.454861 0.020573 0.029167
0 0.577214 0.417824 0.019010 0.034722
0 0.017318 0.391204 0.013802 0.031481
0 0.417969 0.317361 0.014583 0.030093
0 0.422526 0.280324 0.023698 0.028241
0 0.443490 0.280556 0.023958 0.037037
0 0.201432 0.278009 0.018490 0.035648
0 0.569141 0.257407 0.013281 0.037037
0 0.350781 0.233333 0.016667 0.033333
0 0.506380 0.213426 0.021094 0.028704
0 0.188151 0.216435 0.024740 0.037500
0 0.471745 0.212500 0.014844 0.031481
0 0.085417 0.177083 0.022396 0.034722
0 0.057682 0.140741 0.016927 0.026852
0 0.593620 0.101157 0.016927 0.025463
0 0.296615 0.103704 0.031250 0.043519
0 0.446484 0.093981 0.016406 0.028704
0 0.542318 0.073611 0.007031 0.012963
0 0.288802 0.067361 0.010937 0.018981
0 0.645182 0.053935 0.013802 0.019907
0 0.016016 0.021065 0.030990 0.040278
0 0.154036 0.013889 0.018490 0.027778