0 0.877214 0.965046 0.008594 0.015278
0 0.945833 0.931713 0.009896 0.016204
0 0.993229 0.923380 0.013021 0.056019
0 0.592969 0.872917 0.019271 0.058796
0 0.348958 0.860880 0.032292 0.039352
0 0.181510 0.858565 0.026042 0.035648
0 0.007812 0.827778 0.015625 0.039815
0 0.659375 0.811806 0.008333 0.017130
0 0.066797 0.798148 0.011198 0.013889
0 0.606120 0.780556 0.008594 0.017593
0 0.464193 0.753935 0.021615 0.034722
0 0.485156 0.745602 0.009375 0.023611
0 0.548177 0.709028 0.007292 0.018056
0 0.683854 0.693287 0.008333 0.019907
0 0.772396 0.699074 0.023958 0.034259
0 0.298307 0.693056 0.008073 0.022222
0 0.456120 0.671065 0.008594 0.018981
0 0.629948 0.661806 0.008333 0.018981
0 0.576432 0.560648 0.011719 0.014815
0 0.016927 0.529398 0.010417 0.031944
0 0.501172 0.509491 0.011719 0.014352
0 0.121615 0.478241 0.009896 0.013889
0 0.886719 0.438194 0.007292 0.013426
0 0.536198 0.416898 0.018750 0.025463
0 0.031120 0.399074 0.006510 0.010185
0 0.138672 0.399074 0.010677 0.015741
0 0.028255 0.349537 0.004427 0.009259
0 0.933594 0.318981 0.010937 0.015741
0 0.875130 0.341435 0.041927 0.099537
0 0.128776 0.296528 0.011198 0.025463
0 0.097917 0.286806 0.021875 0.022685
0 0.573307 0.283102 0.014323 0.025463
0 0.843099 0.205556 0.009115 0.016667
0 0.948307 0.206481 0.017969 0.029630
0 0.695703 0.198843 0.009635 0.019907
0 0.883333 0.181944 0.015625 0.030556
0 0.215625 0.141667 0.007812 0.009259
0 0.243359 0.137037 0.009635 0.010185
0 0.797266 0.140278 0.010156 0.017593
0 0.280990 0.132639 0.008854 0.009722
0 0.634896 0.127778 0.010937 0.021296
0 0.614323 0.114815 0.018750 0.030556
0 0.655729 0.112731 0.033333 0.054167