0 0.844922 0.977315 0.017448 0.024074
0 0.780729 0.971296 0.010937 0.018519
0 0.274479 0.966667 0.023438 0.030556
0 0.637891 0.973148 0.025781 0.053704
0 0.657813 0.813426 0.012500 0.030556
0 0.347786 0.813657 0.030469 0.031944
0 0.552604 0.818750 0.015625 0.048611
0 0.740104 0.765278 0.011979 0.023148
0 0.006641 0.748843 0.013281 0.018981
0 0.984245 0.735417 0.030469 0.029167
0 0.878516 0.706713 0.021094 0.025463
0 0.473568 0.664120 0.017448 0.039352
0 0.249089 0.629167 0.026302 0.025926
0 0.604167 0.621528 0.021354 0.027315
0 0.108464 0.565972 0.024219 0.044907
0 0.984115 0.536343 0.025521 0.026389
0 0.939714 0.484028 0.015885 0.045833
0 0.224479 0.463657 0.015104 0.022685
0 0.307812 0.461806 0.022396 0.037500
0 0.583984 0.322685 0.013281 0.024074
0 0.842057 0.229861 0.050781 0.049537
0 0.727995 0.192361 0.039323 0.066204
0 0.994922 0.003704 0.009635 0.007407
0 0.940755 0.016898 0.023698 0.033796