0 0.192578 0.987500 0.007031 0.014815
0 0.217578 0.979398 0.005990 0.014352
0 0.604036 0.946759 0.008073 0.012963
0 0.994661 0.938194 0.010156 0.036574
0 0.321615 0.867361 0.005729 0.015278
0 0.350911 0.853704 0.009635 0.011111
0 0.642188 0.836574 0.016667 0.045370
0 0.603385 0.797917 0.010417 0.014352
0 0.544271 0.786111 0.009375 0.011111
0 0.224479 0.696991 0.021875 0.016204
0 0.423958 0.695139 0.010937 0.015278
0 0.456120 0.687269 0.010677 0.013426
0 0.263932 0.684722 0.025260 0.019444
0 0.314974 0.651389 0.011719 0.012963
0 0.480859 0.641898 0.007031 0.012500
0 0.506250 0.634722 0.007812 0.013889
0 0.495573 0.622454 0.007292 0.013426
0 0.548958 0.617593 0.008854 0.015741
0 0.672266 0.603704 0.009635 0.016667
0 0.917578 0.546759 0.005469 0.010185
0 0.864844 0.510417 0.006771 0.014352
0 0.877604 0.506944 0.006771 0.014815
0 0.619792 0.478704 0.007292 0.016667
0 0.857031 0.470139 0.037500 0.022685
0 0.688151 0.458796 0.005990 0.015741
0 0.739844 0.429167 0.009375 0.012037
0 0.411328 0.428009 0.005469 0.009722
0 0.871484 0.382407 0.009635 0.012963
0 0.165885 0.368981 0.016667 0.061111
0 0.544401 0.296759 0.013802 0.020370
0 0.512500 0.293981 0.011458 0.014815
0 0.682552 0.300926 0.023958 0.093519
0 0.536198 0.243519 0.006771 0.012037
0 0.849219 0.241435 0.011979 0.021759
0 0.498177 0.238889 0.015104 0.029630
0 0.861979 0.173611 0.054688 0.125000
0 0.609375 0.116204 0.009375 0.012037
0 0.487891 0.083102 0.004948 0.008796