0 0.546094 0.951620 0.014063 0.020833
0 0.231120 0.943981 0.031510 0.026852
0 0.695833 0.853935 0.014063 0.036574
0 0.073828 0.816667 0.015365 0.025926
0 0.078385 0.690046 0.017188 0.054167
0 0.146484 0.666667 0.008073 0.038889
0 0.493490 0.584491 0.020313 0.018981
0 0.060937 0.458333 0.005729 0.010185
0 0.368490 0.458565 0.019271 0.018981
0 0.782943 0.433102 0.029427 0.037500
0 0.825781 0.418981 0.026042 0.025926
0 0.028906 0.400463 0.003646 0.009259
0 0.374740 0.365741 0.008854 0.028704
0 0.705599 0.216435 0.014323 0.014352
0 0.498047 0.199306 0.032031 0.027315
0 0.466146 0.083102 0.014583 0.046759