0 0.703776 0.994213 0.011198 0.011574
0 0.022526 0.981713 0.032552 0.036574
0 0.361068 0.965741 0.017969 0.028704
0 0.013411 0.942824 0.023698 0.033796
0 0.302214 0.916435 0.021094 0.049537
0 0.414844 0.897222 0.017188 0.028704
0 0.494661 0.802546 0.022656 0.028241
0 0.198177 0.717593 0.013021 0.020370
0 0.004948 0.709722 0.009896 0.036111
0 0.251693 0.684028 0.017448 0.027315
0 0.227083 0.670602 0.011979 0.026389
0 0.277734 0.670370 0.017448 0.027778
0 0.636458 0.635880 0.018229 0.032870
0 0.303516 0.593056 0.013281 0.018519
0 0.313932 0.570139 0.013281 0.020833
0 0.444271 0.541435 0.014063 0.028241
0 0.630859 0.533102 0.021094 0.036574
0 0.400781 0.455556 0.018750 0.016667
0 0.314063 0.458102 0.017708 0.031019
0 0.066797 0.397685 0.028385 0.038889
0 0.634505 0.383565 0.009635 0.021759
0 0.171354 0.361343 0.021354 0.043981
0 0.690365 0.327778 0.016146 0.028704
0 0.614844 0.247685 0.014583 0.018519
0 0.464714 0.219676 0.009635 0.026389
0 0.497526 0.203241 0.016406 0.018519
0 0.367969 0.181250 0.010937 0.017130
0 0.347917 0.173380 0.018750 0.024537
0 0.603906 0.140509 0.010417 0.018056
0 0.574740 0.112963 0.009375 0.010185
0 0.318490 0.121296 0.017708 0.031481
0 0.019141 0.116435 0.010156 0.025463
0 0.161589 0.120139 0.013802 0.039352
0 0.079167 0.088889 0.019792 0.016667
0 0.357552 0.104398 0.042708 0.062500
0 0.051562 0.058796 0.016667 0.017593
0 0.123047 0.031481 0.020573 0.027778
0 0.191667 0.009722 0.011979 0.019444