0 0.236328 0.969213 0.014844 0.022685
0 0.534766 0.950694 0.012240 0.017130
0 0.291146 0.900926 0.009375 0.018519
0 0.135677 0.905324 0.020833 0.045833
0 0.289974 0.865972 0.032552 0.071759
0 0.030469 0.821296 0.023958 0.050000
0 0.468099 0.777546 0.032031 0.042130
0 0.504297 0.713194 0.025260 0.034722
0 0.555339 0.692593 0.022135 0.022222
0 0.064583 0.699074 0.020313 0.041667
0 0.043490 0.678935 0.022396 0.043981
0 0.233724 0.581944 0.023177 0.042593
0 0.097917 0.550463 0.015625 0.033333
0 0.410156 0.461806 0.015104 0.033796
0 0.398958 0.401157 0.013021 0.036574
0 0.201432 0.397454 0.027344 0.045833
0 0.339583 0.393519 0.021875 0.046296
0 0.362500 0.334722 0.019792 0.042593
0 0.197005 0.209028 0.021615 0.042130
0 0.429036 0.180324 0.011719 0.047685