0 0.600521 0.991898 0.011458 0.015278
0 0.253125 0.920833 0.014063 0.028704
0 0.293359 0.754167 0.008594 0.014815
0 0.318490 0.738426 0.016146 0.024074
0 0.089583 0.737500 0.021354 0.042593
0 0.609635 0.710648 0.025521 0.044444
0 0.858594 0.691435 0.013542 0.022685
0 0.960807 0.643981 0.024740 0.037037
0 0.994922 0.634028 0.010156 0.034722
0 0.073438 0.622222 0.015625 0.038889
0 0.386328 0.570370 0.016406 0.032407
0 0.649219 0.571991 0.024479 0.037500
0 0.867057 0.562269 0.014323 0.022685
0 0.406120 0.536806 0.018490 0.035648
0 0.395833 0.501852 0.025521 0.045370
0 0.605599 0.488426 0.029427 0.065741
0 0.658594 0.421296 0.020833 0.034259
0 0.399740 0.413426 0.017708 0.027778
0 0.386458 0.384954 0.014063 0.031944
0 0.341016 0.357870 0.017448 0.030556
0 0.920833 0.326389 0.029687 0.035185
0 0.985547 0.289815 0.019531 0.029630
0 0.811198 0.257176 0.018229 0.019907
0 0.563151 0.256019 0.021094 0.030556
0 0.994010 0.244444 0.011458 0.033333
0 0.972656 0.216667 0.023958 0.032407
0 0.627604 0.192824 0.012500 0.022685
0 0.274740 0.189815 0.019271 0.023148
0 0.336068 0.188194 0.017969 0.028241
0 0.116406 0.187500 0.011979 0.041667
0 0.647526 0.173148 0.025781 0.036111
0 0.123047 0.136343 0.010677 0.031944
0 0.560156 0.119676 0.015625 0.031944
0 0.687109 0.089583 0.022135 0.031944
0 0.764844 0.081713 0.025521 0.037500
0 0.607682 0.044907 0.029427 0.038889