0 0.799089 0.991667 0.026302 0.016667
0 0.230729 0.986111 0.027083 0.026852
0 0.985677 0.981713 0.027083 0.036574
0 0.956771 0.977778 0.018750 0.033333
0 0.552734 0.948148 0.017969 0.031481
0 0.296094 0.896759 0.005729 0.010185
0 0.302474 0.880556 0.037240 0.024074
0 0.630990 0.877315 0.026562 0.022222
0 0.141536 0.848611 0.023698 0.040741
0 0.600521 0.694676 0.017188 0.017130
0 0.974219 0.593750 0.022917 0.020833
0 0.703385 0.583102 0.025000 0.039352
0 0.325000 0.540509 0.027083 0.023611
0 0.156901 0.547917 0.022135 0.044907
0 0.402474 0.476157 0.030469 0.052315
0 0.268099 0.462269 0.030990 0.078241
0 0.580078 0.348611 0.026823 0.047222
0 0.939844 0.337731 0.014583 0.052315
0 0.375130 0.327778 0.029948 0.056481
0 0.086719 0.326157 0.025000 0.053241
0 0.721745 0.302778 0.024740 0.033333
0 0.652734 0.285185 0.022656 0.038889
0 0.505469 0.250463 0.021875 0.047222
0 0.659375 0.243981 0.020313 0.037963
0 0.089063 0.218519 0.018750 0.041667
0 0.762240 0.200694 0.016146 0.036574
0 0.099479 0.150000 0.023958 0.037037
0 0.725781 0.141667 0.017188 0.023148
0 0.012109 0.130556 0.021094 0.059259
0 0.982682 0.117361 0.019531 0.037500
0 0.788672 0.105556 0.031510 0.052778
0 0.186979 0.073843 0.025000 0.044907
0 0.746875 0.063657 0.021875 0.047685
0 0.005990 0.052315 0.011979 0.046296
0 0.815885 0.027083 0.022396 0.046759
0 0.859896 0.006019 0.016146 0.012037