0 0.750697 0.462337 0.041321 0.0414284 0.856868
0 0.363071 0.366278 0.0620107 0.0460964 0.842252
0 0.603341 0.173474 0.0402702 0.0412648 0.833302
0 0.112005 0.238302 0.0477314 0.0629277 0.80797
0 0.208368 0.119836 0.0450839 0.0383459 0.767534
0 0.311211 0.0761809 0.0212641 0.0175647 0.72346
0 0.0337365 0.121736 0.0242734 0.0205692 0.703482
0 0.666536 0.580817 0.0305015 0.0327797 0.667337
0 0.707701 0.515135 0.033094 0.031192 0.663048
0 0.284005 0.361087 0.0280292 0.0208321 0.615283
0 0.0383618 0.586563 0.0292892 0.0287622 0.579234
