0 0.510797 0.496361 0.0840357 0.0927396 0.901278
0 0.960002 0.507917 0.0650471 0.0915896 0.885382
0 0.307035 0.441082 0.0926015 0.0397532 0.849273
0 0.974887 0.847302 0.0501429 0.0685303 0.828616
0 0.764816 0.644265 0.0839141 0.0840725 0.798507
0 0.87895 0.736141 0.0841745 0.083358 0.76637
0 0.754051 0.463281 0.0653565 0.084658 0.721084
0 0.510797 0.496361 0.0840357 0.0927396 0.901278
0 0.960002 0.507917 0.0650471 0.0915896 0.885382
0 0.307035 0.441082 0.0926015 0.0397532 0.849273
0 0.974887 0.847302 0.0501429 0.0685303 0.828616
0 0.764816 0.644265 0.0839141 0.0840725 0.798507
0 0.87895 0.736141 0.0841745 0.083358 0.76637
0 0.754051 0.463281 0.0653565 0.084658 0.721084
